,Player,Pos,Age,Tm,G,GS,MP,FG,FGA,FG%,3P,3PA,3P%,2P,2PA,2P%,eFG%,FT,FTA,FT%,ORB,DRB,TRB,AST,STL,BLK,TOV,PF,PTS
0,Precious Achiuwa,C,24,TOR,4,0,21.0,2.5,7.3,0.345,0.3,1.8,0.143,2.3,5.5,0.409,0.362,0.8,0.8,1.0,2.0,5.3,7.3,2.3,0.0,0.3,1.5,2.3,6.0
1,Bam Adebayo,C,26,MIA,8,8,34.6,8.3,15.5,0.532,0.1,0.3,0.5,8.1,15.3,0.533,0.536,6.5,8.1,0.8,2.4,8.0,10.4,3.5,1.0,1.6,3.5,2.5,23.1
2,Ochai Agbaji,SG,23,UTA,10,2,16.3,1.7,4.1,0.415,1.0,2.7,0.37,0.7,1.4,0.5,0.537,0.0,0.2,0.0,0.5,1.7,2.2,1.0,0.2,0.6,0.7,1.3,4.4
3,Santi Aldama,PF,23,MEM,3,0,19.7,3.3,8.3,0.4,1.3,2.7,0.5,2.0,5.7,0.353,0.48,0.3,1.3,0.25,1.0,4.0,5.0,1.0,0.7,0.3,1.0,1.7,8.3
4,Nickeil Alexander-Walker,SG,25,MIN,8,2,19.3,1.5,4.5,0.333,0.8,2.6,0.286,0.8,1.9,0.4,0.417,0.3,0.8,0.333,0.1,2.1,2.3,3.0,0.8,0.9,1.0,1.5,4.0
5,Grayson Allen,SG,28,PHO,9,9,31.3,4.6,9.3,0.488,2.9,5.9,0.491,1.7,3.4,0.484,0.643,0.8,0.8,1.0,1.1,4.1,5.2,3.1,0.4,0.3,1.8,2.6,12.8
6,Jarrett Allen,C,25,CLE,4,4,25.8,3.8,6.3,0.6,0.0,0.0,,3.8,6.3,0.6,0.6,4.5,5.8,0.783,3.5,3.3,6.8,2.0,0.8,0.8,1.3,2.3,12.0
7,Kyle Anderson,PF,30,MIN,8,0,25.9,3.0,5.4,0.558,0.3,1.0,0.25,2.8,4.4,0.629,0.581,1.1,1.8,0.643,0.8,3.1,3.9,4.6,1.1,0.8,1.9,1.5,7.4
8,Giannis Antetokounmpo,PF,29,MIL,9,9,32.2,10.8,18.6,0.581,0.6,2.3,0.238,10.2,16.2,0.63,0.596,6.8,10.4,0.649,2.2,7.2,9.4,3.8,1.0,1.4,4.4,2.8,28.9
9,Thanasis Antetokounmpo,PF,31,MIL,3,0,7.0,0.3,0.7,0.5,0.0,0.0,,0.3,0.7,0.5,0.5,0.0,0.0,,0.0,0.0,0.0,1.3,0.3,0.3,1.3,1.3,0.7
10,Cole Anthony,PG,23,ORL,9,0,23.6,4.2,9.7,0.437,1.3,3.7,0.364,2.9,6.0,0.481,0.506,3.8,4.8,0.791,0.7,3.2,3.9,2.8,0.8,0.3,2.0,2.4,13.6
11,OG Anunoby,SF,26,TOR,8,8,31.4,6.3,12.3,0.51,2.8,7.0,0.393,3.5,5.3,0.667,0.622,1.1,1.9,0.6,0.6,3.4,4.0,1.8,1.3,0.6,1.6,2.3,16.4
12,Ryan Arcidiacono,PG,29,NYK,2,0,2.0,0.0,0.0,,0.0,0.0,,0.0,0.0,,,0.0,0.0,,0.0,0.5,0.5,0.0,0.0,0.0,0.0,0.0,0.0
13,Deni Avdija,SF,23,WAS,8,8,25.4,5.1,9.6,0.532,1.1,2.6,0.429,4.0,7.0,0.571,0.591,1.4,1.8,0.786,1.5,3.9,5.4,3.8,1.0,0.4,1.4,2.4,12.8
14,Deandre Ayton,C,25,POR,8,8,31.5,5.5,9.5,0.579,0.0,0.0,,5.5,9.5,0.579,0.579,0.4,0.4,1.0,3.0,9.9,12.9,1.4,2.0,0.9,1.8,3.3,11.4
15,Udoka Azubuike,C,24,PHO,2,0,4.5,0.5,0.5,1.0,0.0,0.0,,0.5,0.5,1.0,1.0,0.0,0.0,,0.0,2.0,2.0,0.0,0.0,0.0,0.0,0.5,1.0
16,Marvin Bagley III,C,24,DET,10,2,18.3,3.7,6.4,0.578,0.1,0.4,0.25,3.6,6.0,0.6,0.586,2.6,2.9,0.897,1.4,3.4,4.8,1.3,0.0,0.5,1.1,1.9,10.1
17,Patrick Baldwin Jr.,SF,21,WAS,2,0,4.5,0.0,1.0,0.0,0.0,0.5,0.0,0.0,0.5,0.0,0.0,0.0,0.0,,0.0,0.0,0.0,0.5,0.0,0.0,0.0,0.0,0.0
18,LaMelo Ball,PG,22,CHO,8,8,32.9,6.9,17.3,0.399,2.8,8.0,0.344,4.1,9.3,0.446,0.478,3.8,4.6,0.811,1.8,3.4,5.1,8.6,1.5,0.3,3.8,4.1,20.3
19,Mo Bamba,C,25,PHI,4,0,2.3,0.0,0.5,0.0,0.0,0.0,,0.0,0.5,0.0,0.0,0.5,0.5,1.0,0.5,1.0,1.5,0.0,0.0,0.5,0.8,0.8,0.5
20,Paolo Banchero,PF,21,ORL,9,9,33.9,6.7,14.1,0.472,0.9,2.7,0.333,5.8,11.4,0.505,0.504,4.7,7.0,0.667,1.6,5.3,6.9,5.3,1.4,0.3,3.7,2.9,18.9
21,Desmond Bane,SG,25,MEM,9,9,35.6,9.8,21.3,0.458,3.6,9.8,0.364,6.2,11.6,0.538,0.542,3.3,3.9,0.857,0.7,4.2,4.9,4.3,1.8,1.0,2.6,3.1,26.4
22,Dalano Banton,PG,24,BOS,4,0,7.0,1.3,2.3,0.556,0.0,0.5,0.0,1.3,1.8,0.714,0.556,0.8,0.8,1.0,0.8,0.8,1.5,0.5,0.3,0.0,0.3,0.8,3.3
23,Dominick Barlow,PF,20,SAS,3,0,5.3,0.7,1.7,0.4,0.0,0.0,,0.7,1.7,0.4,0.4,0.7,1.3,0.5,0.0,0.3,0.3,0.0,0.0,0.0,0.0,0.3,2.0
24,Harrison Barnes,PF,31,SAC,8,8,31.1,4.0,8.4,0.478,1.9,4.6,0.405,2.1,3.8,0.567,0.59,2.3,2.9,0.783,0.6,2.3,2.9,1.0,0.5,0.1,0.5,1.0,12.1
25,Scottie Barnes,SG,22,TOR,9,9,35.9,7.6,16.3,0.463,2.0,5.7,0.353,5.6,10.7,0.521,0.524,3.1,4.1,0.757,2.8,7.0,9.8,5.8,1.4,2.0,2.7,2.3,20.2
26,RJ Barrett,SG,23,NYK,6,6,31.2,7.7,16.2,0.474,2.7,5.7,0.471,5.0,10.5,0.476,0.557,4.3,5.0,0.867,0.7,2.7,3.3,3.3,0.5,0.2,2.3,1.2,22.3
27,Charles Bassey,C,23,SAS,9,0,12.2,1.8,2.2,0.8,0.0,0.1,0.0,1.8,2.1,0.842,0.8,0.1,0.1,1.0,1.1,2.4,3.6,1.0,0.8,0.7,0.6,1.4,3.7
28,Emoni Bates,SF,20,CLE,3,0,10.0,1.0,3.0,0.333,0.7,2.0,0.333,0.3,1.0,0.333,0.444,0.3,0.7,0.5,0.3,1.7,2.0,0.3,0.0,0.3,0.3,0.3,3.0
29,Keita Bates-Diop,SF,28,PHO,6,4,21.5,2.5,5.5,0.455,1.0,2.8,0.353,1.5,2.7,0.563,0.545,0.8,1.5,0.556,0.8,2.8,3.7,1.2,0.7,1.0,0.0,0.7,6.8
30,Nicolas Batum,PF,35,TOT,6,0,20.7,1.7,3.0,0.556,1.2,2.5,0.467,0.5,0.5,1.0,0.75,0.0,0.0,,0.5,2.2,2.7,1.5,0.8,0.8,0.2,2.0,4.5
31,Nicolas Batum,PF,35,LAC,3,0,18.0,1.0,2.7,0.375,0.7,2.3,0.286,0.3,0.3,1.0,0.5,0.0,0.0,,0.0,2.3,2.3,1.7,1.0,1.3,0.3,1.7,2.7
32,Nicolas Batum,PF,35,PHI,3,0,23.3,2.3,3.3,0.7,1.7,2.7,0.625,0.7,0.7,1.0,0.95,0.0,0.0,,1.0,2.0,3.0,1.3,0.7,0.3,0.0,2.3,6.3
33,Bradley Beal,SG,30,PHO,2,2,27.5,6.0,14.5,0.414,2.5,5.0,0.5,3.5,9.5,0.368,0.5,4.0,5.0,0.8,1.0,3.0,4.0,3.0,1.0,0.5,2.0,2.0,18.5
34,Malik Beasley,SG,27,MIL,9,9,25.6,2.9,6.8,0.426,1.9,4.8,0.395,1.0,2.0,0.5,0.566,0.6,1.0,0.556,0.4,3.3,3.8,1.6,1.1,0.0,0.9,2.0,8.2
35,MarJon Beauchamp,SF,23,MIL,8,0,17.1,2.6,5.1,0.512,1.1,2.6,0.429,1.5,2.5,0.6,0.622,0.6,1.0,0.625,0.9,1.4,2.3,0.9,0.1,0.0,0.8,1.8,7.0
36,Dāvis Bertāns,PF,31,OKC,2,0,11.5,0.5,2.5,0.2,0.5,2.5,0.2,0.0,0.0,,0.3,3.0,3.0,1.0,0.0,0.5,0.5,0.5,0.5,0.0,0.0,1.5,4.5
37,Patrick Beverley,PG,35,PHI,8,0,15.4,1.0,2.4,0.421,0.1,0.9,0.143,0.9,1.5,0.583,0.447,0.1,0.1,1.0,1.3,2.1,3.4,2.3,0.5,0.6,0.6,1.6,2.3
38,Saddiq Bey,SF,24,ATL,9,3,27.6,3.9,8.6,0.455,1.7,4.3,0.385,2.2,4.2,0.526,0.552,1.1,1.2,0.909,2.1,3.7,5.8,1.0,0.9,0.2,1.4,1.3,10.6
39,Goga Bitadze,C,24,ORL,7,4,14.4,2.0,3.6,0.56,0.0,0.3,0.0,2.0,3.3,0.609,0.56,1.6,2.1,0.733,2.1,2.7,4.9,1.0,0.7,1.1,0.6,1.4,5.6
40,Onuralp Bitim,SG,24,CHI,1,0,3.0,0.0,0.0,,0.0,0.0,,0.0,0.0,,,0.0,0.0,,0.0,0.0,0.0,0.0,0.0,0.0,0.0,0.0,0.0
41,Bismack Biyombo,C,31,MEM,4,3,22.5,3.0,5.0,0.6,0.0,0.0,,3.0,5.0,0.6,0.6,2.0,2.5,0.8,5.0,4.0,9.0,1.0,0.5,0.8,0.8,3.3,8.0
42,Anthony Black,PG,20,ORL,7,3,19.0,2.4,3.7,0.654,0.7,1.4,0.5,1.7,2.3,0.75,0.75,0.7,1.0,0.714,0.9,1.3,2.1,1.6,0.6,0.4,0.6,1.7,6.3
43,Leaky Black,SF,24,CHO,1,0,4.0,0.0,1.0,0.0,0.0,0.0,,0.0,1.0,0.0,0.0,0.0,0.0,,0.0,0.0,0.0,1.0,0.0,1.0,0.0,0.0,0.0
44,Bogdan Bogdanović,SG,31,ATL,9,0,25.0,4.9,11.3,0.431,2.8,7.7,0.362,2.1,3.7,0.576,0.554,0.4,0.4,1.0,0.3,2.3,2.7,3.0,1.6,0.3,1.0,1.9,13.0
45,Bol Bol,PF,24,PHO,3,0,2.3,0.3,0.3,1.0,0.0,0.0,,0.3,0.3,1.0,1.0,0.0,0.0,,0.0,0.3,0.3,0.0,0.0,0.3,0.7,0.0,0.7
46,Devin Booker,SG,27,PHO,2,2,36.0,11.5,20.0,0.575,4.0,7.5,0.533,7.5,12.5,0.6,0.675,4.5,4.5,1.0,1.0,6.5,7.5,10.5,0.5,0.0,5.5,4.0,31.5
47,Chris Boucher,PF,31,TOR,7,0,15.4,2.1,4.3,0.5,0.4,1.3,0.333,1.7,3.0,0.571,0.55,2.0,2.3,0.875,1.3,3.4,4.7,0.4,0.3,0.4,0.7,2.9,6.7
48,Malaki Branham,SG,20,SAS,9,3,19.6,3.6,8.3,0.427,0.8,2.9,0.269,2.8,5.4,0.51,0.473,0.4,0.4,1.0,0.1,1.4,1.6,1.9,0.6,0.1,0.9,1.0,8.3
49,Christian Braun,SG,22,DEN,9,0,19.6,2.8,6.2,0.446,0.4,1.8,0.25,2.3,4.4,0.525,0.482,1.7,2.4,0.682,1.1,3.7,4.8,2.4,0.6,0.3,0.6,1.4,7.7
50,Mikal Bridges,SF,27,BRK,9,9,34.6,7.1,15.3,0.464,1.8,5.9,0.302,5.3,9.4,0.565,0.522,3.4,3.9,0.886,1.1,4.4,5.6,3.9,1.0,0.6,1.9,2.1,19.4
51,Oshae Brissett,SF,25,BOS,6,0,11.2,0.5,2.8,0.176,0.2,1.5,0.111,0.3,1.3,0.25,0.206,1.0,1.3,0.75,1.0,1.3,2.3,0.3,0.7,0.0,0.3,0.8,2.2
52,Malcolm Brogdon,PG,31,POR,8,3,27.8,6.1,15.1,0.405,2.0,5.9,0.34,4.1,9.3,0.446,0.471,3.0,3.8,0.8,1.0,3.8,4.8,5.5,0.8,0.0,1.6,1.4,17.3
53,Armoni Brooks,PG,25,BRK,3,0,12.0,2.0,4.0,0.5,1.7,3.0,0.556,0.3,1.0,0.333,0.708,0.0,0.0,,0.3,1.7,2.0,0.0,0.0,0.0,0.3,0.0,5.7
54,Dillon Brooks,SF,28,HOU,8,8,31.1,5.0,9.0,0.556,1.9,3.4,0.556,3.1,5.6,0.556,0.66,2.3,2.6,0.857,0.5,3.8,4.3,2.0,1.3,0.1,1.9,3.4,14.1
55,Bruce Brown,SG,27,IND,9,9,31.1,4.3,9.7,0.448,1.8,4.3,0.41,2.6,5.3,0.479,0.54,0.8,0.9,0.875,0.7,3.9,4.6,2.7,1.1,0.2,1.1,1.9,11.2
56,Jaylen Brown,SF,27,BOS,9,9,33.3,8.7,18.6,0.467,2.9,7.6,0.382,5.8,11.0,0.525,0.545,2.8,4.0,0.694,0.4,4.8,5.2,2.9,1.0,0.3,2.4,2.7,23.0
57,Kobe Brown,PF,24,LAC,6,0,8.7,1.2,2.3,0.5,0.5,1.3,0.375,0.7,1.0,0.667,0.607,0.0,0.0,,0.3,1.0,1.3,0.3,0.2,0.2,0.2,1.3,2.8
58,Moses Brown,C,24,POR,1,0,5.0,2.0,3.0,0.667,0.0,0.0,,2.0,3.0,0.667,0.667,0.0,2.0,0.0,2.0,1.0,3.0,1.0,0.0,1.0,0.0,1.0,4.0
59,Troy Brown Jr.,SF,24,MIN,5,0,6.6,0.6,1.8,0.333,0.0,0.8,0.0,0.6,1.0,0.6,0.333,0.8,0.8,1.0,0.2,1.8,2.0,0.4,0.2,0.0,0.6,0.2,2.0
60,Jalen Brunson,PG,27,NYK,8,8,34.8,7.9,19.5,0.404,2.6,6.1,0.429,5.3,13.4,0.393,0.471,4.1,5.0,0.825,0.9,2.8,3.6,4.8,1.1,0.0,2.4,2.1,22.5
61,Thomas Bryant,C,26,MIA,8,1,14.6,2.4,4.5,0.528,0.0,0.3,0.0,2.4,4.3,0.559,0.528,1.3,1.6,0.769,1.3,3.3,4.5,0.6,0.5,0.4,1.3,1.5,6.0
62,Kobe Bufkin,SG,20,ATL,2,0,2.0,0.0,1.5,0.0,0.0,0.5,0.0,0.0,1.0,0.0,0.0,0.5,1.0,0.5,0.5,0.5,1.0,0.0,0.0,0.0,0.0,0.0,0.5
63,Reggie Bullock,SF,32,HOU,5,0,10.4,0.4,1.6,0.25,0.4,1.4,0.286,0.0,0.2,0.0,0.375,0.0,0.0,,0.0,1.4,1.4,0.6,0.2,0.2,0.4,0.8,1.2
64,Alec Burks,SG,32,DET,4,0,25.5,4.3,9.8,0.436,3.5,6.5,0.538,0.8,3.3,0.231,0.615,3.0,3.8,0.8,0.3,3.0,3.3,2.3,0.3,0.8,0.0,1.5,15.0
65,Jared Butler,SG,23,WAS,2,0,4.5,0.5,2.0,0.25,0.5,1.5,0.333,0.0,0.5,0.0,0.375,0.0,0.0,,0.0,0.0,0.0,0.5,0.0,0.0,0.5,0.0,1.5
66,Jimmy Butler,PF,34,MIA,7,7,33.4,5.9,13.6,0.432,1.0,2.0,0.5,4.9,11.6,0.42,0.468,5.7,6.6,0.87,2.7,3.4,6.1,3.4,1.6,0.3,1.3,0.6,18.4
67,Jamal Cain,PF,24,MIA,3,0,10.0,1.3,3.0,0.444,0.0,1.3,0.0,1.3,1.7,0.8,0.444,0.0,0.0,,1.0,1.0,2.0,0.0,1.0,0.0,0.3,0.7,2.7
68,Kentavious Caldwell-Pope,SG,30,DEN,9,9,32.8,3.7,7.7,0.478,1.7,3.9,0.429,2.0,3.8,0.529,0.587,1.2,1.2,1.0,0.2,1.9,2.1,1.8,1.9,0.6,1.2,2.4,10.2
69,Toumani Camara,PF,23,POR,8,0,24.6,2.0,5.9,0.34,0.6,2.1,0.294,1.4,3.8,0.367,0.394,1.1,1.5,0.75,1.9,2.6,4.5,1.3,0.9,0.6,0.9,2.1,5.8
70,Clint Capela,C,29,ATL,9,9,24.8,4.1,7.2,0.569,0.0,0.0,,4.1,7.2,0.569,0.569,1.7,2.4,0.682,4.0,6.7,10.7,0.9,0.6,1.4,0.6,1.9,9.9
71,Jevon Carter,PG,28,CHI,9,0,15.1,3.0,6.0,0.5,1.8,3.6,0.5,1.2,2.4,0.5,0.648,0.0,0.1,0.0,0.1,0.6,0.7,1.1,0.6,0.3,0.9,1.0,7.8
72,Wendell Carter Jr.,C,24,ORL,5,5,29.4,3.4,9.0,0.378,1.0,3.2,0.313,2.4,5.8,0.414,0.433,1.6,2.8,0.571,2.2,6.4,8.6,1.6,0.6,0.4,1.6,2.8,9.4
73,Alex Caruso,SG,29,CHI,9,0,23.6,2.9,4.9,0.591,1.2,2.8,0.44,1.7,2.1,0.789,0.716,0.8,1.2,0.636,1.4,2.4,3.9,2.4,1.6,0.8,1.0,2.6,7.8
74,Colin Castleton,C,23,LAL,2,0,9.5,1.0,2.0,0.5,0.0,0.0,,1.0,2.0,0.5,0.5,0.0,0.0,,1.0,0.5,1.5,1.0,0.0,0.0,0.0,2.5,2.0
75,Malcolm Cazalon,SG,22,DET,1,0,3.0,0.0,0.0,,0.0,0.0,,0.0,0.0,,,0.0,0.0,,0.0,0.0,0.0,0.0,0.0,0.0,0.0,0.0,0.0
76,Julian Champagnie,SF,22,SAS,5,0,7.2,0.8,3.6,0.222,0.2,2.0,0.1,0.6,1.6,0.375,0.25,0.0,0.0,,0.0,0.8,0.8,0.0,0.2,0.6,0.6,0.0,1.8
77,Max Christie,SG,20,LAL,5,0,18.0,1.4,5.0,0.28,0.2,2.0,0.1,1.2,3.0,0.4,0.3,0.8,1.0,0.8,0.2,3.2,3.4,0.8,0.2,0.2,0.6,1.8,3.8
78,Jordan Clarkson,SG,31,UTA,10,10,31.3,5.9,15.2,0.388,1.5,5.2,0.288,4.4,10.0,0.44,0.438,3.2,3.8,0.842,1.6,2.0,3.6,4.9,0.8,0.2,3.7,1.5,16.5
79,Nic Claxton,C,24,BRK,1,1,28.0,3.0,10.0,0.3,0.0,0.0,,3.0,10.0,0.3,0.3,1.0,1.0,1.0,4.0,3.0,7.0,4.0,0.0,3.0,0.0,1.0,7.0
80,Amir Coffey,SF,26,LAC,5,0,7.4,0.4,1.6,0.25,0.0,0.4,0.0,0.4,1.2,0.333,0.25,0.8,0.8,1.0,0.0,0.6,0.6,0.4,0.0,0.0,0.4,0.4,1.6
81,John Collins,PF,26,UTA,10,10,31.1,5.6,10.3,0.544,1.5,3.5,0.429,4.1,6.8,0.603,0.617,2.3,3.2,0.719,2.5,5.5,8.0,0.9,0.6,0.7,1.3,3.5,15.0
82,Zach Collins,C,26,SAS,9,9,29.3,5.6,10.1,0.549,1.0,3.7,0.273,4.6,6.4,0.707,0.599,1.4,2.1,0.684,1.6,4.6,6.1,4.2,0.7,1.1,2.6,3.3,13.6
83,Mike Conley,PG,36,MIN,8,8,29.0,4.0,7.9,0.508,2.0,4.4,0.457,2.0,3.5,0.571,0.635,0.8,0.8,1.0,0.8,2.4,3.1,4.5,0.9,0.1,0.6,2.0,10.8
84,Pat Connaughton,SF,31,MIL,9,0,21.2,2.0,5.0,0.4,0.8,2.9,0.269,1.2,2.1,0.579,0.478,0.6,0.8,0.714,0.4,1.8,2.2,2.0,0.4,0.2,0.7,1.0,5.3
85,Bilal Coulibaly,SF,19,WAS,8,1,23.5,2.3,5.1,0.439,1.1,3.0,0.375,1.1,2.1,0.529,0.549,0.9,1.4,0.636,0.4,2.5,2.9,1.5,0.5,0.9,1.4,1.8,6.5
86,Robert Covington,SF-PF,33,TOT,8,3,15.3,1.0,2.6,0.381,0.6,2.1,0.294,0.4,0.5,0.75,0.5,0.6,0.8,0.833,0.6,1.3,1.9,0.9,2.1,0.5,0.3,1.8,3.3
87,Robert Covington,PF,33,LAC,3,3,23.0,1.0,3.0,0.333,0.7,2.7,0.25,0.3,0.3,1.0,0.444,0.3,0.7,0.5,0.7,2.0,2.7,2.3,2.0,0.7,0.0,2.3,3.0
88,Robert Covington,SF,33,PHI,5,0,10.6,1.0,2.4,0.417,0.6,1.8,0.333,0.4,0.6,0.667,0.542,0.8,0.8,1.0,0.6,0.8,1.4,0.0,2.2,0.4,0.4,1.4,3.4
89,Torrey Craig,SF,33,CHI,9,4,21.7,1.9,4.6,0.415,0.8,2.0,0.389,1.1,2.6,0.435,0.5,0.1,0.1,1.0,1.4,3.1,4.6,1.4,0.8,0.4,0.4,2.9,4.7
90,Jae Crowder,PF,33,MIL,9,2,26.7,2.8,5.2,0.532,1.8,3.4,0.516,1.0,1.8,0.563,0.702,0.8,1.3,0.583,0.4,3.4,3.9,1.7,0.8,0.3,0.4,1.6,8.1
91,Cade Cunningham,PG,22,DET,10,10,35.9,8.8,21.0,0.419,2.1,6.6,0.318,6.7,14.4,0.465,0.469,4.0,4.6,0.87,0.5,3.2,3.7,7.1,0.6,0.2,5.3,3.3,23.7
92,Seth Curry,SG,33,DAL,6,0,8.7,0.8,2.3,0.357,0.3,1.2,0.286,0.5,1.2,0.429,0.429,0.3,0.5,0.667,0.3,0.7,1.0,0.7,0.3,0.2,0.5,0.7,2.3
93,Stephen Curry,PG,35,GSW,10,10,32.1,9.4,19.0,0.495,5.7,12.6,0.452,3.7,6.4,0.578,0.645,5.5,5.9,0.932,0.9,3.7,4.6,4.0,1.0,0.2,3.6,1.5,30.0
94,Dyson Daniels,PG,20,NOP,9,2,25.4,2.8,6.3,0.439,0.8,2.6,0.304,2.0,3.8,0.529,0.5,1.0,1.8,0.563,1.1,3.6,4.7,2.9,1.3,0.6,1.4,1.6,7.3
95,Anthony Davis,C,30,LAL,8,8,36.8,8.5,16.0,0.531,0.4,0.9,0.429,8.1,15.1,0.537,0.543,5.8,6.4,0.902,3.3,8.6,11.9,3.4,0.9,3.0,1.4,3.3,23.1
96,Johnny Davis,SG,21,WAS,5,0,11.2,2.4,4.6,0.522,0.2,0.4,0.5,2.2,4.2,0.524,0.543,0.4,0.6,0.667,0.6,0.8,1.4,0.2,0.8,0.2,0.4,1.0,5.4
97,DeMar DeRozan,SF,34,CHI,9,9,34.6,7.6,17.3,0.436,0.7,2.1,0.316,6.9,15.2,0.453,0.455,5.7,6.9,0.823,1.1,2.0,3.1,4.6,1.3,0.8,0.9,2.2,21.4
98,Moussa Diabaté,C,22,LAC,5,0,6.8,1.4,2.4,0.583,0.0,0.0,,1.4,2.4,0.583,0.583,1.0,1.2,0.833,1.8,0.6,2.4,0.8,0.4,0.0,0.4,0.6,3.8
99,Gradey Dick,SG,20,TOR,9,0,14.1,1.1,4.1,0.27,0.6,2.6,0.217,0.6,1.6,0.357,0.338,0.4,0.4,1.0,0.4,1.1,1.6,0.9,0.2,0.0,0.7,1.6,3.2
100,Ousmane Dieng,PF,20,OKC,9,0,11.8,1.4,3.7,0.394,0.8,2.7,0.292,0.7,1.0,0.667,0.5,0.3,0.4,0.75,0.6,1.7,2.2,1.0,0.1,0.0,0.4,0.7,4.0
101,Spencer Dinwiddie,PG,30,BRK,8,8,26.6,3.6,8.3,0.439,2.4,5.6,0.422,1.3,2.6,0.476,0.583,0.9,1.6,0.538,0.1,2.9,3.0,5.0,0.3,0.0,1.5,1.4,10.5
102,Donte DiVincenzo,SG,27,NYK,8,0,19.4,2.5,6.8,0.37,1.6,4.4,0.371,0.9,2.4,0.368,0.491,0.6,1.1,0.556,0.9,2.5,3.4,1.6,1.0,0.4,1.3,1.8,7.3
103,Luka Dončić,PG,24,DAL,9,9,36.7,11.2,21.7,0.518,4.3,10.4,0.415,6.9,11.2,0.614,0.618,6.1,7.8,0.786,0.7,8.2,8.9,8.4,1.3,0.6,4.4,2.1,32.9
104,Luguentz Dort,SF,24,OKC,9,9,30.0,4.6,8.7,0.526,2.6,4.8,0.535,2.0,3.9,0.514,0.673,2.7,3.2,0.828,1.3,3.3,4.7,1.3,1.3,1.1,1.3,2.8,14.3
105,Ayo Dosunmu,SG,24,CHI,7,0,11.7,1.9,4.0,0.464,1.0,2.0,0.5,0.9,2.0,0.429,0.589,0.3,0.3,1.0,0.6,0.9,1.4,0.9,0.3,0.1,0.4,0.4,5.0
106,Andre Drummond,C,30,CHI,9,0,13.6,2.7,4.7,0.571,0.0,0.0,,2.7,4.7,0.571,0.571,0.8,1.4,0.538,2.3,2.4,4.8,0.8,1.2,0.2,1.0,1.2,6.1
107,Chris Duarte,SF,26,SAC,8,0,14.8,1.4,4.5,0.306,0.9,2.9,0.304,0.5,1.6,0.308,0.403,1.0,1.4,0.727,0.1,1.4,1.5,1.1,0.6,0.1,0.5,3.0,4.6
108,Kris Dunn,PG,29,UTA,8,0,12.8,1.6,4.0,0.406,0.4,1.0,0.375,1.3,3.0,0.417,0.453,0.5,0.8,0.667,0.4,1.9,2.3,2.5,0.6,0.0,1.3,1.6,4.1
109,Kevin Durant,PF,35,PHO,9,9,36.8,10.4,20.6,0.508,1.7,4.1,0.405,8.8,16.4,0.534,0.549,7.7,9.2,0.831,0.6,6.3,6.9,4.7,0.9,1.1,4.2,1.7,30.2
110,Jalen Duren,C,20,DET,8,8,28.9,5.8,9.3,0.622,0.0,0.1,0.0,5.8,9.1,0.63,0.622,1.1,1.5,0.75,3.5,7.1,10.6,3.1,0.6,1.1,2.8,3.5,12.6
111,Tari Eason,PF,22,HOU,2,0,16.5,2.5,9.0,0.278,0.5,2.0,0.25,2.0,7.0,0.286,0.306,0.0,0.0,,2.5,6.0,8.5,1.0,0.0,1.5,1.0,2.0,5.5
112,Anthony Edwards,SG,22,MIN,8,8,35.6,10.4,20.8,0.5,2.6,6.5,0.404,7.8,14.3,0.544,0.563,4.5,5.6,0.8,0.9,5.4,6.3,5.3,1.3,0.4,3.6,2.0,27.9
113,Kessler Edwards,SF,23,SAC,6,0,5.7,0.2,1.0,0.167,0.2,0.7,0.25,0.0,0.3,0.0,0.25,0.2,0.3,0.5,0.0,0.8,0.8,0.5,0.2,0.2,0.2,0.8,0.7
114,Keon Ellis,SG,24,SAC,5,2,13.8,1.6,3.8,0.421,1.0,3.2,0.313,0.6,0.6,1.0,0.553,1.2,2.2,0.545,0.4,1.6,2.0,0.6,1.0,0.6,0.6,1.2,5.4
115,Joel Embiid,C,29,PHI,8,8,33.9,10.9,21.3,0.512,1.4,3.6,0.379,9.5,17.6,0.539,0.544,8.8,10.4,0.843,2.9,8.6,11.5,5.5,0.6,2.3,3.9,2.5,31.9
116,Drew Eubanks,C,26,PHO,9,0,18.4,2.4,4.1,0.595,0.0,0.0,,2.4,4.1,0.595,0.595,1.6,1.9,0.824,1.3,3.8,5.1,2.1,0.3,1.7,1.3,2.2,6.4
117,Dante Exum,PG,28,DAL,8,0,7.3,1.3,2.8,0.455,0.4,0.8,0.5,0.9,2.0,0.438,0.523,0.3,0.5,0.5,0.4,1.5,1.9,1.0,0.3,0.1,0.1,0.8,3.1
118,Bruno Fernando,C,25,ATL,3,0,2.3,0.0,0.3,0.0,0.0,0.3,0.0,0.0,0.0,,0.0,0.0,0.0,,0.0,0.0,0.0,0.0,0.0,0.0,0.7,0.7,0.0
119,Dorian Finney-Smith,PF,30,BRK,9,8,32.2,4.9,10.1,0.484,3.3,7.2,0.462,1.6,2.9,0.538,0.648,0.1,0.3,0.333,2.0,3.7,5.7,1.7,0.2,0.9,0.9,2.3,13.2
120,Malachi Flynn,PG,25,TOR,9,0,14.4,1.9,4.0,0.472,1.1,2.2,0.5,0.8,1.8,0.438,0.611,0.6,0.7,0.833,0.3,1.3,1.7,2.0,0.9,0.0,1.2,1.3,5.4
121,Simone Fontecchio,SF,28,UTA,8,0,10.0,2.0,4.0,0.5,1.1,2.6,0.429,0.9,1.4,0.636,0.641,0.0,0.0,,0.8,1.3,2.0,0.5,0.3,0.3,1.0,0.8,5.1
122,Jordan Ford,PG,25,SAC,3,0,3.7,0.7,1.3,0.5,0.3,0.3,1.0,0.3,1.0,0.333,0.625,0.7,0.7,1.0,0.0,0.3,0.3,0.3,0.0,0.0,0.0,0.0,2.3
123,Trent Forrest,SG,25,ATL,1,0,5.0,0.0,0.0,,0.0,0.0,,0.0,0.0,,,0.0,0.0,,0.0,0.0,0.0,1.0,0.0,0.0,0.0,1.0,0.0
124,De'Aaron Fox,PG,26,SAC,3,3,35.3,11.3,23.3,0.486,3.0,8.0,0.375,8.3,15.3,0.543,0.55,5.7,7.0,0.81,1.0,3.3,4.3,6.0,1.3,0.7,2.7,4.0,31.3
125,Alex Fudge,SF,20,LAL,1,0,4.0,0.0,1.0,0.0,0.0,0.0,,0.0,1.0,0.0,0.0,0.0,0.0,,0.0,0.0,0.0,0.0,0.0,0.0,0.0,0.0,0.0
126,Markelle Fultz,PG,25,ORL,5,5,28.6,5.4,11.2,0.482,0.0,0.6,0.0,5.4,10.6,0.509,0.482,0.6,0.8,0.75,1.6,1.8,3.4,4.0,1.2,0.4,1.2,1.2,11.4
127,Daniel Gafford,C,25,WAS,6,6,23.8,3.0,4.0,0.75,0.0,0.0,,3.0,4.0,0.75,0.75,1.8,3.0,0.611,2.7,4.3,7.0,1.0,0.3,2.8,1.7,4.2,7.8
128,Danilo Gallinari,PF,35,WAS,8,0,13.9,3.0,5.5,0.545,0.9,2.4,0.368,2.1,3.1,0.68,0.625,1.4,2.0,0.688,0.6,1.8,2.4,1.5,0.3,0.1,0.5,0.8,8.3
129,Darius Garland,PG,24,CLE,5,5,33.2,6.0,12.8,0.469,1.0,4.0,0.25,5.0,8.8,0.568,0.508,4.4,5.2,0.846,0.8,2.0,2.8,6.2,2.2,0.4,5.6,2.4,17.4
130,Luka Garza,C,25,MIN,2,0,3.0,1.5,2.5,0.6,0.0,0.0,,1.5,2.5,0.6,0.6,0.5,1.0,0.5,0.5,1.0,1.5,0.0,0.0,0.0,0.0,1.5,3.5
131,Kaiser Gates,SF,27,NOP,1,0,7.0,0.0,4.0,0.0,0.0,2.0,0.0,0.0,2.0,0.0,0.0,0.0,0.0,,0.0,1.0,1.0,0.0,0.0,0.0,0.0,0.0,0.0
132,Keyonte George,PG,20,UTA,10,2,22.6,2.6,6.9,0.377,1.2,3.9,0.308,1.4,3.0,0.467,0.464,0.9,1.2,0.75,0.4,1.9,2.3,4.6,0.3,0.2,1.7,0.9,7.3
133,Paul George,PF,33,LAC,8,8,32.9,7.4,15.9,0.465,3.1,8.0,0.391,4.3,7.9,0.54,0.563,5.4,5.6,0.956,0.5,4.6,5.1,3.3,2.4,0.1,2.8,2.4,23.3
134,Josh Giddey,SG,21,OKC,9,9,28.0,5.4,13.1,0.415,0.4,2.0,0.222,5.0,11.1,0.45,0.432,0.9,1.1,0.8,1.1,4.6,5.7,4.6,0.6,0.3,2.9,1.1,12.2
135,Harry Giles,C,25,BRK,1,0,6.0,3.0,3.0,1.0,1.0,1.0,1.0,2.0,2.0,1.0,1.167,0.0,0.0,,0.0,1.0,1.0,0.0,0.0,0.0,1.0,1.0,7.0
136,Shai Gilgeous-Alexander,PG,25,OKC,8,8,35.5,11.0,21.3,0.518,1.1,3.8,0.3,9.9,17.5,0.564,0.544,5.6,6.3,0.9,0.8,6.3,7.0,6.4,2.3,0.8,2.5,2.1,28.8
137,Anthony Gill,PF,31,WAS,5,0,7.2,1.2,2.6,0.462,0.0,0.2,0.0,1.2,2.4,0.5,0.462,1.2,1.6,0.75,0.6,0.8,1.4,0.6,0.2,0.6,0.4,0.6,3.6
138,Collin Gillespie,PG,24,DEN,5,0,10.2,1.0,2.2,0.455,0.6,1.8,0.333,0.4,0.4,1.0,0.591,0.2,0.2,1.0,0.0,0.4,0.4,0.8,0.6,0.0,0.2,1.4,2.8
139,Jacob Gilyard,PG,25,MEM,6,1,15.5,1.3,2.7,0.5,1.2,2.3,0.5,0.2,0.3,0.5,0.719,0.0,0.0,,0.3,0.8,1.2,3.8,0.3,0.2,0.7,0.7,3.8
140,Rudy Gobert,C,31,MIN,8,8,32.6,4.5,8.3,0.545,0.0,0.0,,4.5,8.3,0.545,0.545,3.5,5.8,0.609,4.0,9.1,13.1,1.0,0.8,1.9,1.6,2.6,12.5
141,Jordan Goodwin,PG,25,PHO,9,0,17.1,2.2,7.0,0.317,1.1,3.4,0.323,1.1,3.6,0.313,0.397,1.1,1.4,0.769,1.1,2.7,3.8,1.8,1.0,0.3,1.0,1.1,6.7
142,Aaron Gordon,PF,28,DEN,9,9,31.2,5.8,10.6,0.547,0.6,2.0,0.278,5.2,8.6,0.61,0.574,1.3,2.4,0.545,2.4,4.7,7.1,3.8,1.4,1.1,2.0,1.9,13.4
143,Eric Gordon,SG,35,PHO,9,5,29.6,5.6,12.4,0.446,2.1,6.2,0.339,3.4,6.2,0.554,0.531,0.3,0.3,1.0,0.6,1.7,2.2,3.0,1.0,0.4,1.4,1.0,13.6
144,Devonte' Graham,PG,28,SAS,1,0,12.0,0.0,2.0,0.0,0.0,1.0,0.0,0.0,1.0,0.0,0.0,2.0,2.0,1.0,1.0,0.0,1.0,1.0,2.0,1.0,0.0,0.0,2.0
145,Jerami Grant,PF,29,POR,8,8,37.0,7.5,18.3,0.411,2.3,6.6,0.34,5.3,11.6,0.452,0.473,5.5,7.1,0.772,1.3,3.6,4.9,2.0,0.5,1.0,2.9,2.4,22.8
146,A.J. Green,SG,24,MIL,4,0,9.0,1.0,2.5,0.4,0.8,2.0,0.375,0.3,0.5,0.5,0.55,0.3,0.3,1.0,0.0,1.0,1.0,1.5,0.0,0.0,0.0,1.0,3.0
147,Danny Green,SG,36,PHI,2,0,9.0,0.0,1.0,0.0,0.0,0.5,0.0,0.0,0.5,0.0,0.0,0.0,0.0,,0.0,1.0,1.0,0.5,0.5,0.0,0.0,0.5,0.0
148,Draymond Green,PF,33,GSW,7,7,24.9,3.4,7.0,0.49,1.1,2.4,0.471,2.3,4.6,0.5,0.571,2.0,2.3,0.875,1.6,3.4,5.0,6.3,0.7,0.7,1.9,2.3,10.0
149,Jalen Green,SG,21,HOU,8,8,31.8,6.6,14.8,0.449,2.1,5.1,0.415,4.5,9.6,0.468,0.521,4.9,6.5,0.75,0.5,3.8,4.3,2.4,0.6,0.4,2.4,1.6,20.3
150,Jeff Green,PF,37,HOU,8,0,14.0,2.1,3.6,0.586,0.3,0.9,0.286,1.9,2.8,0.682,0.621,1.8,2.5,0.7,1.3,1.9,3.1,0.5,0.1,0.1,0.6,1.1,6.3
151,Josh Green,SG,23,DAL,9,2,24.9,2.6,6.0,0.426,1.3,3.4,0.387,1.2,2.6,0.478,0.537,0.8,1.6,0.5,0.6,1.7,2.2,2.0,1.0,0.2,1.0,2.0,7.2
152,AJ Griffin,SF,20,ATL,6,0,9.2,1.2,2.3,0.5,0.8,1.8,0.455,0.3,0.5,0.667,0.679,0.0,0.0,,0.2,0.7,0.8,0.3,0.2,0.0,0.7,0.3,3.2
153,Quentin Grimes,SG,23,NYK,8,8,23.9,2.8,6.6,0.415,2.0,5.5,0.364,0.8,1.1,0.667,0.566,0.0,0.1,0.0,0.1,1.5,1.6,1.1,0.8,0.0,0.5,1.6,7.5
154,Mouhamed Gueye,PF,21,ATL,2,0,2.0,0.0,0.5,0.0,0.0,0.5,0.0,0.0,0.0,,0.0,0.0,0.0,,0.0,0.0,0.0,0.0,0.5,0.0,0.0,0.5,0.0
155,Rui Hachimura,PF,25,LAL,5,0,18.0,4.2,7.8,0.538,1.2,3.0,0.4,3.0,4.8,0.625,0.615,1.4,2.4,0.583,1.0,3.0,4.0,0.8,1.4,0.6,0.4,1.6,11.0
156,Tyrese Haliburton,PG,23,IND,8,8,32.8,8.3,16.4,0.504,3.0,7.5,0.4,5.3,8.9,0.592,0.595,4.1,4.4,0.943,0.5,3.8,4.3,11.6,0.9,0.6,2.6,1.3,23.6
157,R.J. Hampton,PG,22,MIA,1,0,2.0,0.0,1.0,0.0,0.0,0.0,,0.0,1.0,0.0,0.0,0.0,0.0,,0.0,0.0,0.0,0.0,0.0,0.0,0.0,0.0,0.0
158,Tim Hardaway Jr.,SF,31,DAL,9,0,28.6,6.1,13.9,0.44,3.6,9.1,0.39,2.6,4.8,0.535,0.568,2.1,2.1,1.0,0.4,3.3,3.8,1.6,0.3,0.0,1.1,0.7,17.9
159,James Harden,SG,34,LAC,3,3,32.0,4.3,8.0,0.542,2.0,4.0,0.5,2.3,4.0,0.583,0.667,3.7,3.7,1.0,0.0,5.3,5.3,4.7,1.7,0.0,3.0,0.7,14.3
160,Jaden Hardy,SG,21,DAL,7,0,12.6,2.6,6.1,0.419,1.1,3.1,0.364,1.4,3.0,0.476,0.512,1.9,2.4,0.765,0.1,1.6,1.7,1.1,0.1,0.0,0.6,0.7,8.1
161,Gary Harris,SG,29,ORL,5,1,17.8,3.0,5.2,0.577,1.8,3.6,0.5,1.2,1.6,0.75,0.75,0.2,0.6,0.333,0.8,1.4,2.2,1.4,0.2,0.4,0.8,0.4,8.0
162,Joe Harris,SG,32,DET,7,0,14.0,1.3,3.6,0.36,0.9,2.7,0.316,0.4,0.9,0.5,0.48,0.0,0.0,,0.3,0.7,1.0,0.9,0.3,0.0,0.4,1.7,3.4
163,Tobias Harris,PF,31,PHI,8,8,36.5,7.0,11.9,0.589,1.4,3.4,0.407,5.6,8.5,0.662,0.647,4.5,5.0,0.9,0.9,5.4,6.3,2.6,1.0,0.6,2.4,1.8,19.9
164,Josh Hart,SF,28,NYK,8,2,26.9,2.4,6.8,0.352,0.9,3.3,0.269,1.5,3.5,0.429,0.417,0.5,0.6,0.8,1.0,5.5,6.5,2.5,1.0,0.1,1.0,1.9,6.1
165,Isaiah Hartenstein,C,25,NYK,8,0,17.0,2.9,4.8,0.605,0.0,0.3,0.0,2.9,4.5,0.639,0.605,1.1,1.8,0.643,2.4,2.0,4.4,1.1,1.3,0.3,0.9,2.9,6.9
166,Sam Hauser,SF,26,BOS,9,0,19.3,3.1,6.4,0.483,2.7,5.9,0.453,0.4,0.6,0.8,0.69,0.4,0.4,1.0,0.6,2.7,3.2,0.2,0.7,0.4,0.4,1.9,9.3
167,Jordan Hawkins,SG,21,NOP,9,6,29.1,4.2,11.1,0.38,2.8,7.6,0.368,1.4,3.6,0.406,0.505,1.7,2.1,0.789,0.8,3.2,4.0,1.6,0.9,0.0,1.2,2.3,12.9
168,Jaxson Hayes,C,23,LAL,7,0,8.4,0.6,1.0,0.571,0.0,0.0,,0.6,1.0,0.571,0.571,0.4,0.6,0.75,0.3,1.3,1.6,0.3,0.1,0.3,0.7,1.7,1.6
169,Killian Hayes,PG,22,DET,10,10,31.1,4.2,10.4,0.404,1.2,3.7,0.324,3.0,6.7,0.448,0.462,1.7,2.2,0.773,0.4,2.9,3.3,4.9,1.4,0.5,1.0,2.6,11.3
170,Gordon Hayward,SF,33,CHO,8,8,33.1,7.1,14.9,0.479,1.1,2.8,0.409,6.0,12.1,0.495,0.517,3.3,4.6,0.703,1.3,4.5,5.8,5.6,1.9,0.8,1.9,1.9,18.6
171,Scoot Henderson,PG,19,POR,5,5,28.4,3.6,10.4,0.346,0.4,4.2,0.095,3.2,6.2,0.516,0.365,1.2,1.4,0.857,0.6,1.6,2.2,4.6,0.6,0.2,4.0,4.0,8.8
172,Taylor Hendricks,PF,20,UTA,1,0,2.0,0.0,0.0,,0.0,0.0,,0.0,0.0,,,1.0,2.0,0.5,0.0,1.0,1.0,0.0,0.0,0.0,0.0,0.0,1.0
173,Tyler Herro,SG,24,MIA,8,8,34.0,8.5,19.0,0.447,3.1,7.6,0.41,5.4,11.4,0.473,0.53,2.8,3.1,0.88,0.4,4.6,5.0,4.6,1.4,0.0,2.5,1.6,22.9
174,Buddy Hield,SF,31,IND,9,0,23.2,4.8,11.4,0.417,3.1,8.3,0.373,1.7,3.1,0.536,0.553,0.1,0.2,0.5,0.7,2.7,3.3,3.0,0.6,0.7,1.7,1.4,12.8
175,Haywood Highsmith,PF,27,MIA,5,4,25.4,3.2,7.0,0.457,1.6,4.2,0.381,1.6,2.8,0.571,0.571,1.4,1.8,0.778,0.6,2.0,2.6,1.6,1.0,1.2,0.8,1.8,9.4
176,Nate Hinton,SG,24,HOU,2,0,4.0,1.0,2.0,0.5,1.0,1.0,1.0,0.0,1.0,0.0,0.75,0.0,0.0,,0.0,0.0,0.0,0.0,0.0,0.0,0.0,0.5,3.0
177,D'Moi Hodge,SG,25,LAL,2,0,7.5,0.5,2.5,0.2,0.0,2.0,0.0,0.5,0.5,1.0,0.2,0.5,1.0,0.5,0.0,0.0,0.0,0.5,0.0,0.5,0.5,1.0,1.5
178,Aaron Holiday,PG,27,HOU,6,0,15.5,2.0,4.3,0.462,0.7,1.7,0.4,1.3,2.7,0.5,0.538,0.5,0.5,1.0,0.2,1.3,1.5,1.2,0.3,0.0,0.7,1.0,5.2
179,Jrue Holiday,PG,33,BOS,9,9,33.7,5.0,11.3,0.441,1.4,4.3,0.333,3.6,7.0,0.508,0.505,1.3,1.6,0.857,1.8,5.6,7.3,5.9,0.7,1.1,1.9,1.7,12.8
180,Justin Holiday,SG,34,DEN,3,0,5.7,0.7,1.3,0.5,0.7,1.3,0.5,0.0,0.0,,0.75,0.0,0.0,,0.0,1.3,1.3,0.0,0.0,0.0,0.0,0.3,2.0
181,Richaun Holmes,C,30,DAL,1,0,7.0,1.0,2.0,0.5,0.0,0.0,,1.0,2.0,0.5,0.5,0.0,0.0,,2.0,1.0,3.0,1.0,0.0,0.0,1.0,2.0,2.0
182,Chet Holmgren,C,21,OKC,9,9,29.8,5.7,10.2,0.554,1.7,3.3,0.5,4.0,6.9,0.581,0.636,3.2,3.7,0.879,1.8,6.0,7.8,2.4,1.0,2.3,2.2,3.3,16.2
183,Al Horford,C,37,BOS,8,2,24.1,2.1,5.6,0.378,0.8,3.1,0.24,1.4,2.5,0.55,0.444,0.3,0.3,1.0,2.1,4.1,6.3,2.4,0.6,0.6,1.3,1.5,5.3
184,Talen Horton-Tucker,PG,23,UTA,10,8,23.4,4.0,10.0,0.4,1.3,3.7,0.351,2.7,6.3,0.429,0.465,0.7,0.9,0.778,0.6,2.6,3.2,5.2,1.0,0.6,2.3,2.1,10.0
185,Danuel House Jr.,SF,30,PHI,3,0,9.7,1.0,2.3,0.429,0.0,1.0,0.0,1.0,1.3,0.75,0.429,0.3,0.3,1.0,0.3,1.0,1.3,0.7,0.3,0.3,1.0,0.3,2.3
186,Caleb Houstan,SF,21,ORL,4,0,6.3,1.0,2.3,0.444,0.8,2.0,0.375,0.3,0.3,1.0,0.611,0.3,0.3,1.0,0.0,0.8,0.8,0.3,0.0,0.0,0.0,0.3,3.0
187,Jett Howard,SF,20,ORL,3,0,4.0,0.3,1.3,0.25,0.0,0.7,0.0,0.3,0.7,0.5,0.25,0.0,0.0,,0.3,0.3,0.7,0.3,0.0,0.0,0.0,0.0,0.7
188,Kevin Huerter,SG,25,SAC,8,8,27.1,4.3,10.9,0.391,2.0,6.5,0.308,2.3,4.4,0.514,0.483,1.0,1.3,0.8,0.8,4.8,5.5,2.6,1.0,0.5,1.4,2.3,11.5
189,De'Andre Hunter,SF,26,ATL,9,9,30.6,4.7,10.4,0.447,1.7,5.0,0.333,3.0,5.4,0.551,0.527,2.8,3.4,0.806,0.4,3.6,4.0,1.3,1.0,0.4,1.6,3.3,13.8
190,Bones Hyland,PG,23,LAC,8,2,23.5,4.4,10.0,0.438,1.9,5.3,0.357,2.5,4.8,0.526,0.531,1.1,1.3,0.9,0.3,1.4,1.6,2.9,0.8,0.0,2.0,2.6,11.8
191,Joe Ingles,SF,36,ORL,9,0,18.8,0.8,3.4,0.226,0.6,2.3,0.238,0.2,1.1,0.2,0.306,0.4,0.6,0.8,0.6,2.0,2.6,3.0,0.9,0.1,0.8,1.4,2.6
192,Brandon Ingram,SF,26,NOP,6,6,34.2,9.3,19.3,0.483,1.0,5.0,0.2,8.3,14.3,0.581,0.509,3.3,4.2,0.8,0.7,4.7,5.3,4.7,0.5,0.3,3.7,2.0,23.0
193,Kyrie Irving,SG,31,DAL,7,7,34.3,7.9,18.3,0.43,2.1,6.4,0.333,5.7,11.9,0.482,0.488,3.4,3.9,0.889,0.7,3.4,4.1,6.7,1.6,0.4,1.9,2.0,21.3
194,Jonathan Isaac,PF,26,ORL,7,0,12.9,1.7,5.1,0.333,0.7,2.9,0.25,1.0,2.3,0.438,0.403,1.4,1.9,0.769,0.9,2.6,3.4,0.3,0.7,1.3,0.4,1.7,5.6
195,Jaden Ivey,SG,21,DET,6,0,20.7,4.3,8.8,0.491,1.5,3.7,0.409,2.8,5.2,0.548,0.575,1.7,2.0,0.833,0.7,1.8,2.5,2.5,0.7,0.5,1.8,3.2,11.8
196,Andre Jackson Jr.,SG,22,MIL,5,0,7.2,0.6,1.0,0.6,0.0,0.4,0.0,0.6,0.6,1.0,0.6,0.0,0.0,,0.4,1.2,1.6,0.8,0.6,0.0,0.6,2.2,1.2
197,Gregory Jackson II,PF,19,MEM,1,0,1.0,0.0,0.0,,0.0,0.0,,0.0,0.0,,,0.0,0.0,,0.0,0.0,0.0,0.0,0.0,0.0,0.0,0.0,0.0
198,Isaiah Jackson,C,22,IND,4,0,14.0,2.3,3.5,0.643,0.0,0.0,,2.3,3.5,0.643,0.643,0.8,1.3,0.6,1.0,2.3,3.3,0.5,0.3,2.0,0.3,2.8,5.3
199,Jaren Jackson Jr.,C,24,MEM,9,9,31.8,7.6,15.2,0.496,1.8,5.2,0.34,5.8,10.0,0.578,0.555,4.6,5.7,0.804,1.9,4.9,6.8,2.4,0.3,1.9,1.8,3.2,21.4
200,Reggie Jackson,PG,33,DEN,9,2,23.0,3.8,8.8,0.43,1.4,4.0,0.361,2.3,4.8,0.488,0.513,0.6,1.0,0.556,0.1,1.4,1.6,3.8,1.0,0.3,1.1,1.4,9.6
201,Trayce Jackson-Davis,PF,23,GSW,7,0,8.6,1.3,2.3,0.563,0.0,0.0,,1.3,2.3,0.563,0.563,1.3,2.3,0.563,1.3,1.1,2.4,0.3,0.1,0.7,0.3,1.7,3.9
202,LeBron James,PF,39,LAL,9,9,35.0,9.7,17.0,0.569,1.8,5.1,0.348,7.9,11.9,0.664,0.621,4.1,6.2,0.661,0.6,7.9,8.4,5.4,1.3,1.0,4.1,1.6,25.2
203,Jaime Jaquez Jr.,SF,22,MIA,9,3,20.8,3.3,6.8,0.492,0.8,3.0,0.259,2.6,3.8,0.676,0.549,0.6,0.7,0.833,0.9,2.0,2.9,2.1,1.1,0.2,1.2,2.2,8.0
204,DaQuan Jeffries,SG,26,NYK,3,0,3.0,0.7,1.3,0.5,0.3,1.0,0.333,0.3,0.3,1.0,0.625,0.0,0.0,,0.0,0.7,0.7,0.0,0.0,0.0,0.3,0.3,1.7
205,Ty Jerome,SG,26,CLE,2,0,7.5,1.0,2.0,0.5,0.0,0.5,0.0,1.0,1.5,0.667,0.5,0.0,0.0,,0.5,0.0,0.5,1.5,0.0,0.0,0.5,1.0,2.0
206,Isaiah Joe,SG,24,OKC,9,0,19.9,2.9,7.6,0.382,2.4,6.2,0.393,0.4,1.3,0.333,0.544,1.2,1.6,0.786,0.1,1.9,2.0,1.1,0.7,0.0,0.9,1.3,9.4
207,Cameron Johnson,PF,27,BRK,2,2,25.5,4.5,11.5,0.391,2.0,5.0,0.4,2.5,6.5,0.385,0.478,0.5,1.0,0.5,2.0,3.0,5.0,1.5,1.0,0.0,1.5,2.0,11.5
208,Jalen Johnson,SF,22,ATL,9,6,29.3,5.9,10.0,0.589,1.0,2.9,0.346,4.9,7.1,0.688,0.639,1.4,2.2,0.65,1.8,6.6,8.3,2.6,1.0,0.7,2.1,2.6,14.2
209,Keldon Johnson,SF,24,SAS,9,9,31.8,5.8,13.1,0.441,1.4,4.6,0.317,4.3,8.6,0.506,0.496,1.8,2.7,0.667,0.9,4.6,5.4,4.1,0.8,0.2,1.2,3.0,14.8
210,Keyontae Johnson,SF,23,OKC,1,0,6.0,0.0,1.0,0.0,0.0,0.0,,0.0,1.0,0.0,0.0,0.0,0.0,,0.0,0.0,0.0,0.0,0.0,0.0,0.0,0.0,0.0
211,Nikola Jokić,C,28,DEN,9,9,34.2,11.9,19.1,0.622,1.4,4.3,0.333,10.4,14.8,0.707,0.66,3.9,5.4,0.714,3.1,9.8,12.9,8.0,1.1,0.8,3.4,2.1,29.1
212,Colby Jones,SG,21,SAC,5,0,10.0,1.6,3.4,0.471,0.2,0.8,0.25,1.4,2.6,0.538,0.5,0.4,0.4,1.0,1.0,1.4,2.4,0.4,0.2,0.2,0.6,1.0,3.8
213,Damian Jones,C,28,CLE,6,0,5.7,0.5,0.5,1.0,0.0,0.0,,0.5,0.5,1.0,1.0,0.2,0.3,0.5,0.3,0.8,1.2,0.3,0.0,0.2,0.3,0.5,1.2
214,Derrick Jones Jr.,SF,26,DAL,9,9,22.7,3.4,6.8,0.508,1.4,3.9,0.371,2.0,2.9,0.692,0.615,0.8,1.1,0.7,0.9,2.6,3.4,1.0,0.7,0.7,0.9,1.2,9.1
215,Herbert Jones,SF,25,NOP,7,7,31.1,3.4,7.3,0.471,0.9,3.3,0.261,2.6,4.0,0.643,0.529,2.3,2.6,0.889,0.6,3.3,3.9,1.7,1.6,1.6,1.3,3.4,10.0
216,Tre Jones,PG,24,SAS,9,0,25.8,3.2,7.2,0.446,0.6,2.2,0.25,2.7,5.0,0.533,0.485,1.8,1.9,0.941,0.8,2.4,3.2,6.0,0.8,0.4,1.4,1.3,8.8
217,Tyus Jones,PG,27,WAS,8,8,26.8,4.4,9.4,0.467,1.5,3.9,0.387,2.9,5.5,0.523,0.547,0.3,0.5,0.5,0.5,2.3,2.8,5.3,1.0,0.3,1.0,1.3,10.5
218,DeAndre Jordan,C,35,DEN,1,0,12.0,0.0,0.0,,0.0,0.0,,0.0,0.0,,,1.0,2.0,0.5,1.0,0.0,1.0,1.0,0.0,0.0,1.0,2.0,1.0
219,Cory Joseph,PG,32,GSW,4,0,3.3,0.3,0.8,0.333,0.3,0.8,0.333,0.0,0.0,,0.5,0.0,0.0,,0.3,0.3,0.5,0.8,0.3,0.0,0.5,0.8,0.8
220,Nikola Jović,PF,20,MIA,2,1,14.0,2.0,4.0,0.5,1.5,2.5,0.6,0.5,1.5,0.333,0.688,1.0,1.0,1.0,0.0,7.5,7.5,2.0,0.5,0.0,1.0,1.0,6.5
221,Luke Kennard,SG,27,MEM,6,0,23.7,2.8,8.0,0.354,2.2,6.3,0.342,0.7,1.7,0.4,0.49,1.0,1.0,1.0,0.3,2.8,3.2,2.3,0.7,0.2,0.8,0.5,8.8
222,Walker Kessler,C,22,UTA,8,8,24.0,3.5,6.4,0.549,0.3,0.8,0.333,3.3,5.6,0.578,0.569,1.0,1.6,0.615,3.4,4.5,7.9,0.3,0.0,2.1,1.0,2.1,8.3
223,Braxton Key,SF,26,DEN,4,0,2.5,0.3,1.0,0.25,0.0,0.3,0.0,0.3,0.8,0.333,0.25,0.0,0.0,,0.0,0.3,0.3,0.8,0.0,0.0,0.0,0.5,0.5
224,Corey Kispert,SF,24,WAS,7,0,21.0,3.7,7.6,0.491,2.0,4.9,0.412,1.7,2.7,0.632,0.623,1.1,1.6,0.727,0.4,2.1,2.6,0.9,0.1,0.0,1.3,1.6,10.6
225,Maxi Kleber,C,32,DAL,5,1,18.0,0.8,3.2,0.25,0.6,1.8,0.333,0.2,1.4,0.143,0.344,1.2,2.0,0.6,0.8,3.4,4.2,2.0,0.2,0.2,0.8,1.6,3.4
226,John Konchar,SF,27,MEM,6,0,20.2,1.7,3.7,0.455,0.8,2.0,0.417,0.8,1.7,0.5,0.568,0.0,0.0,,1.2,3.5,4.7,1.3,0.8,0.8,0.2,0.7,4.2
227,Furkan Korkmaz,SG,26,PHI,6,0,10.2,1.2,2.5,0.467,0.5,1.0,0.5,0.7,1.5,0.444,0.567,0.5,0.8,0.6,0.2,0.8,1.0,0.5,0.7,0.0,0.7,0.5,3.3
228,Luke Kornet,C,28,BOS,8,0,10.6,1.4,1.9,0.733,0.0,0.0,,1.4,1.9,0.733,0.733,0.6,0.8,0.833,1.1,2.1,3.3,0.6,0.4,0.3,0.1,1.0,3.4
229,Jonathan Kuminga,PF,21,GSW,9,0,20.2,4.2,10.2,0.413,0.4,2.1,0.211,3.8,8.1,0.466,0.435,3.4,4.7,0.738,0.9,2.1,3.0,0.7,0.6,0.4,1.3,2.9,12.3
230,Kyle Kuzma,PF,28,WAS,8,8,29.3,9.8,19.6,0.497,2.5,7.0,0.357,7.3,12.6,0.574,0.561,2.0,2.4,0.842,1.4,5.4,6.8,3.0,0.1,0.4,1.9,1.3,24.0
231,Jock Landale,C,28,HOU,6,0,12.5,0.8,3.0,0.278,0.3,1.5,0.222,0.5,1.5,0.333,0.333,0.3,0.3,1.0,1.2,1.3,2.5,1.2,0.5,0.3,0.8,0.8,2.3
232,Jake LaRavia,PF,22,MEM,5,0,12.2,1.4,4.0,0.35,0.4,2.4,0.167,1.0,1.6,0.625,0.4,0.2,0.4,0.5,0.6,1.0,1.6,0.4,0.2,0.0,0.4,1.6,3.4
233,Zach LaVine,SG,28,CHI,9,9,34.8,7.6,17.8,0.425,2.4,7.2,0.338,5.1,10.6,0.484,0.494,4.9,5.8,0.846,0.4,4.2,4.7,2.9,0.8,0.2,2.4,2.2,22.4
234,Saben Lee,PG,24,PHO,3,0,3.3,1.0,2.0,0.5,0.0,0.3,0.0,1.0,1.7,0.6,0.5,0.0,0.0,,0.7,0.3,1.0,1.0,0.0,0.3,0.0,0.3,2.0
235,Alex Len,C,30,SAC,5,0,7.0,1.0,1.2,0.833,0.0,0.2,0.0,1.0,1.0,1.0,0.833,0.6,1.4,0.429,1.4,1.8,3.2,0.4,0.2,1.0,0.4,0.4,2.6
236,Kawhi Leonard,SF,32,LAC,8,8,33.0,8.3,17.3,0.478,2.8,6.5,0.423,5.5,10.8,0.512,0.558,2.8,3.5,0.786,1.3,4.4,5.6,4.0,1.4,0.3,1.8,1.6,22.0
237,Caris LeVert,SG,29,CLE,8,1,33.8,6.5,15.6,0.416,2.1,6.4,0.333,4.4,9.3,0.473,0.484,3.6,5.0,0.725,0.5,4.0,4.5,4.3,1.3,0.5,1.4,1.9,18.8
238,Kira Lewis Jr.,PG,22,NOP,8,0,13.1,1.3,4.3,0.294,0.1,1.6,0.077,1.1,2.6,0.429,0.309,0.9,1.0,0.875,0.3,0.9,1.1,1.5,0.5,0.1,0.5,0.9,3.5
239,Maxwell Lewis,SF,21,LAL,3,0,4.3,0.0,0.7,0.0,0.0,0.0,,0.0,0.7,0.0,0.0,0.0,0.0,,0.0,0.3,0.3,0.0,0.0,0.0,0.3,0.0,0.0
240,E.J. Liddell,PF,23,NOP,3,0,3.0,0.3,1.3,0.25,0.0,1.0,0.0,0.3,0.3,1.0,0.25,0.7,0.7,1.0,0.0,0.7,0.7,0.0,0.0,0.3,0.3,0.3,1.3
241,Damian Lillard,PG,33,MIL,7,7,33.7,6.3,15.7,0.4,2.4,8.3,0.293,3.9,7.4,0.519,0.477,9.3,10.0,0.929,0.6,3.9,4.4,4.7,1.1,0.1,2.6,1.3,24.3
242,Nassir Little,PF,23,PHO,5,0,11.6,1.2,2.8,0.429,0.6,2.0,0.3,0.6,0.8,0.75,0.536,0.8,0.8,1.0,0.2,1.2,1.4,0.2,1.0,0.2,0.4,1.6,3.8
243,Dereck Lively II,C,19,DAL,8,7,24.3,3.9,5.5,0.705,0.0,0.1,0.0,3.9,5.4,0.721,0.705,0.9,1.6,0.538,2.8,4.5,7.3,1.1,0.6,1.0,1.0,3.6,8.6
244,Chris Livingston,SF,20,MIL,2,0,4.5,1.0,1.0,1.0,0.5,0.5,1.0,0.5,0.5,1.0,1.25,0.0,0.0,,0.0,0.0,0.0,0.5,0.0,0.0,0.0,0.0,2.5
245,Kenneth Lofton Jr.,PF,21,MEM,6,0,9.0,1.2,2.7,0.438,0.3,0.7,0.5,0.8,2.0,0.417,0.5,0.5,1.7,0.3,0.3,1.2,1.5,1.2,0.3,0.3,0.5,1.8,3.2
246,Kevon Looney,C,27,GSW,10,10,23.6,2.7,4.0,0.675,0.0,0.0,,2.7,4.0,0.675,0.675,0.8,1.0,0.8,2.7,6.4,9.1,3.1,0.8,0.5,1.2,3.0,6.2
247,Brook Lopez,C,35,MIL,9,9,26.0,3.4,8.7,0.397,1.8,5.0,0.356,1.7,3.7,0.455,0.5,0.8,1.0,0.778,1.2,2.9,4.1,0.8,0.9,2.1,1.0,2.1,9.4
248,Robin Lopez,C,35,MIL,1,0,6.0,0.0,0.0,,0.0,0.0,,0.0,0.0,,,2.0,2.0,1.0,0.0,0.0,0.0,1.0,0.0,0.0,1.0,0.0,2.0
249,Kevin Love,PF,35,MIA,4,3,20.0,2.5,6.5,0.385,1.8,4.5,0.389,0.8,2.0,0.375,0.519,1.3,1.5,0.833,1.0,6.0,7.0,2.3,0.3,0.0,1.0,1.8,8.0
250,Kyle Lowry,PG,37,MIA,9,9,31.1,2.6,6.0,0.426,2.0,4.6,0.439,0.6,1.4,0.385,0.593,0.9,0.9,1.0,1.0,3.6,4.6,5.1,1.3,0.3,2.0,2.6,8.0
251,Théo Maledon,PG,22,CHO,8,0,17.5,2.1,5.9,0.362,0.4,2.5,0.15,1.8,3.4,0.519,0.394,1.1,1.3,0.9,0.3,2.0,2.3,2.0,0.9,0.0,1.3,1.6,5.8
252,Sandro Mamukelashvili,C,24,SAS,3,0,6.3,0.7,1.7,0.4,0.0,1.0,0.0,0.7,0.7,1.0,0.4,0.3,0.7,0.5,1.3,1.0,2.3,0.3,0.3,0.0,0.0,0.7,1.7
253,Terance Mann,SG,27,LAC,2,0,24.0,2.5,5.0,0.5,0.5,2.5,0.2,2.0,2.5,0.8,0.55,0.0,0.0,,1.5,3.5,5.0,2.0,0.0,0.0,1.0,2.5,5.5
254,Tre Mann,PG,22,OKC,3,0,4.0,1.7,2.3,0.714,0.3,0.7,0.5,1.3,1.7,0.8,0.786,0.3,0.3,1.0,0.3,1.0,1.3,0.7,0.0,0.0,0.3,0.0,4.0
255,Boban Marjanović,C,35,HOU,3,0,6.7,1.7,3.0,0.556,0.0,0.3,0.0,1.7,2.7,0.625,0.556,0.0,0.3,0.0,0.7,2.0,2.7,1.0,0.0,0.3,0.0,0.7,3.3
256,Lauri Markkanen,PF,26,UTA,10,10,33.5,8.1,16.7,0.485,4.1,9.2,0.446,4.0,7.5,0.533,0.608,3.9,4.4,0.886,2.4,6.2,8.6,1.6,0.9,0.8,1.7,2.5,24.2
257,Caleb Martin,SF,28,MIA,1,0,20.0,1.0,7.0,0.143,0.0,3.0,0.0,1.0,4.0,0.25,0.143,0.0,0.0,,1.0,2.0,3.0,1.0,1.0,0.0,0.0,1.0,2.0
258,KJ Martin,SF,23,TOT,5,0,7.8,0.8,2.2,0.364,0.2,1.0,0.2,0.6,1.2,0.5,0.409,0.2,0.4,0.5,0.2,0.6,0.8,0.4,0.4,0.2,0.6,1.0,2.0
259,KJ Martin,SF,23,LAC,2,0,15.5,2.0,5.0,0.4,0.5,2.5,0.2,1.5,2.5,0.6,0.45,0.5,1.0,0.5,0.5,1.0,1.5,0.5,1.0,0.5,1.0,1.5,5.0
260,KJ Martin,SF,23,PHI,3,0,2.7,0.0,0.3,0.0,0.0,0.0,,0.0,0.3,0.0,0.0,0.0,0.0,,0.0,0.3,0.3,0.3,0.0,0.0,0.3,0.7,0.0
261,Garrison Mathews,SG,27,ATL,2,0,4.0,0.0,1.0,0.0,0.0,1.0,0.0,0.0,0.0,,0.0,0.0,0.0,,0.0,0.5,0.5,0.0,0.0,0.0,0.0,0.5,0.0
262,Bennedict Mathurin,SF,21,IND,9,9,25.6,5.1,11.7,0.438,1.3,4.0,0.333,3.8,7.7,0.493,0.495,2.3,2.9,0.808,1.8,2.7,4.4,2.7,0.9,0.1,1.4,1.4,13.9
263,Wesley Matthews,SG,37,ATL,1,0,7.0,2.0,2.0,1.0,2.0,2.0,1.0,0.0,0.0,,1.5,1.0,2.0,0.5,1.0,1.0,2.0,0.0,0.0,0.0,1.0,3.0,7.0
264,Tyrese Maxey,PG,23,PHI,8,8,37.8,9.1,19.0,0.48,3.0,7.6,0.393,6.1,11.4,0.538,0.559,4.6,5.0,0.925,0.6,4.6,5.3,7.5,1.1,0.8,1.0,1.9,25.9
265,Skylar Mays,PG,26,POR,7,0,14.3,2.4,6.1,0.395,0.4,2.3,0.188,2.0,3.9,0.519,0.43,0.9,0.9,1.0,0.1,0.6,0.7,2.7,0.9,0.0,0.9,1.0,6.1
266,Miles McBride,PG,23,NYK,5,0,4.4,0.6,1.6,0.375,0.2,1.2,0.167,0.4,0.4,1.0,0.438,0.2,0.4,0.5,0.0,0.2,0.2,0.2,0.6,0.0,0.0,0.4,1.6
267,CJ McCollum,PG,32,NOP,6,6,34.3,7.3,16.7,0.44,3.2,8.3,0.38,4.2,8.3,0.5,0.535,3.8,5.2,0.742,0.8,4.0,4.8,5.7,1.5,0.8,1.3,2.3,21.7
268,T.J. McConnell,PG,31,IND,5,0,13.2,2.8,4.8,0.583,0.0,0.2,0.0,2.8,4.6,0.609,0.583,1.2,1.2,1.0,0.6,2.0,2.6,3.8,0.6,0.0,0.6,1.0,6.8
269,Jaden McDaniels,SF,23,MIN,6,6,27.0,4.5,8.5,0.529,1.5,3.5,0.429,3.0,5.0,0.6,0.618,0.0,0.0,,1.0,2.2,3.2,1.5,0.7,0.7,1.2,4.0,10.5
270,Jalen McDaniels,SF,26,TOR,7,0,9.3,0.3,2.3,0.125,0.1,1.6,0.091,0.1,0.7,0.2,0.156,0.0,0.0,,0.1,1.0,1.1,0.6,0.3,0.1,0.1,0.9,0.7
271,Doug McDermott,SF,32,SAS,9,0,16.9,2.7,5.4,0.49,2.2,4.3,0.513,0.4,1.1,0.4,0.694,0.3,0.4,0.75,0.1,1.0,1.1,1.3,0.2,0.1,0.6,1.4,7.9
272,JaVale McGee,C,36,SAC,6,0,12.7,3.5,5.5,0.636,0.0,0.2,0.0,3.5,5.3,0.656,0.636,0.8,1.2,0.714,1.5,1.8,3.3,0.2,0.2,0.5,1.0,0.8,7.8
273,Bryce McGowens,SG,21,CHO,3,0,12.7,0.3,1.0,0.333,0.0,0.7,0.0,0.3,0.3,1.0,0.333,1.0,1.3,0.75,0.0,2.3,2.3,0.7,0.7,0.0,1.0,1.7,1.7
274,Jordan McLaughlin,PG,27,MIN,5,0,3.8,0.2,0.8,0.25,0.2,0.4,0.5,0.0,0.4,0.0,0.375,0.4,0.4,1.0,0.0,0.0,0.0,1.0,0.0,0.4,0.0,0.4,1.0
275,De'Anthony Melton,SG,25,PHI,8,8,27.3,2.6,8.8,0.3,1.6,5.0,0.325,1.0,3.8,0.267,0.393,1.0,1.6,0.615,0.4,2.9,3.3,4.1,1.5,0.4,1.1,2.4,7.9
276,Sam Merrill,SG,27,CLE,3,0,7.0,0.7,2.0,0.333,0.7,1.7,0.4,0.0,0.3,0.0,0.5,0.0,0.0,,0.3,0.7,1.0,1.0,0.7,0.0,0.3,0.0,2.0
277,Chimezie Metu,C,26,PHO,3,0,3.0,0.3,1.0,0.333,0.0,0.3,0.0,0.3,0.7,0.5,0.333,0.7,0.7,1.0,0.0,0.7,0.7,0.3,0.0,0.3,0.3,0.0,1.3
278,Vasilije Micić,PG,30,OKC,3,0,10.7,1.3,3.0,0.444,0.7,1.7,0.4,0.7,1.3,0.5,0.556,0.0,0.0,,0.0,0.3,0.3,2.3,0.0,0.0,1.3,0.7,3.3
279,Khris Middleton,SF,32,MIL,7,7,18.9,4.1,8.6,0.483,1.3,3.7,0.346,2.9,4.9,0.588,0.558,1.6,2.0,0.786,0.6,2.6,3.1,4.0,0.6,0.1,1.4,1.1,11.1
280,Brandon Miller,SF,21,CHO,8,3,31.1,4.9,11.6,0.419,1.1,4.3,0.265,3.8,7.4,0.508,0.468,2.1,2.6,0.81,1.5,2.9,4.4,1.8,0.5,0.6,1.0,3.6,13.0
281,Jordan Miller,SF,24,LAC,2,0,3.5,1.0,1.5,0.667,0.5,0.5,1.0,0.5,1.0,0.5,0.833,0.0,0.0,,0.0,0.0,0.0,0.0,0.0,0.0,0.0,1.0,2.5
282,Leonard Miller,SF,20,MIN,1,0,2.0,0.0,1.0,0.0,0.0,0.0,,0.0,1.0,0.0,0.0,0.0,0.0,,0.0,1.0,1.0,0.0,0.0,0.0,0.0,0.0,0.0
283,Shake Milton,SG,27,MIN,8,0,15.5,1.8,4.6,0.378,0.8,2.3,0.333,1.0,2.4,0.421,0.459,1.0,1.4,0.727,0.3,1.6,1.9,1.3,0.9,0.1,1.3,1.5,5.3
284,Justin Minaya,SF,24,POR,1,0,8.0,0.0,0.0,,0.0,0.0,,0.0,0.0,,,0.0,0.0,,1.0,1.0,2.0,0.0,0.0,0.0,1.0,1.0,0.0
285,Josh Minott,SF,21,MIN,5,0,2.6,0.6,1.2,0.5,0.0,0.4,0.0,0.6,0.8,0.75,0.5,0.4,0.6,0.667,0.0,0.0,0.0,0.2,0.0,0.2,0.0,0.4,1.6
286,Davion Mitchell,PG,25,SAC,8,3,21.0,2.4,6.4,0.373,1.3,3.8,0.333,1.1,2.6,0.429,0.471,0.1,0.1,1.0,0.1,1.5,1.6,2.8,0.5,0.3,1.0,2.4,6.1
287,Donovan Mitchell,SG,27,CLE,8,8,35.9,10.6,21.9,0.486,3.3,9.0,0.361,7.4,12.9,0.573,0.56,5.0,5.6,0.889,1.1,4.0,5.1,5.5,2.3,0.6,2.6,2.4,29.5
288,Evan Mobley,PF,22,CLE,9,9,32.7,6.6,12.8,0.513,0.1,0.7,0.167,6.4,12.1,0.532,0.517,2.9,3.8,0.765,2.7,7.4,10.1,3.0,0.8,2.0,2.0,2.8,16.1
289,Isaiah Mobley,PF,24,CLE,1,0,1.0,0.0,0.0,,0.0,0.0,,0.0,0.0,,,0.0,0.0,,0.0,1.0,1.0,0.0,0.0,0.0,0.0,1.0,0.0
290,Malik Monk,SG,25,SAC,8,0,23.6,4.4,11.1,0.393,2.0,5.9,0.34,2.4,5.3,0.452,0.483,3.6,4.4,0.829,0.9,1.6,2.5,5.6,0.4,0.8,2.3,1.6,14.4
291,Moses Moody,SG,21,GSW,10,1,17.5,2.6,5.5,0.473,1.3,3.4,0.382,1.3,2.1,0.619,0.591,0.8,1.1,0.727,0.7,2.2,2.9,1.2,1.2,0.3,0.4,1.0,7.3
292,Marcus Morris,PF,34,PHI,2,0,6.0,0.5,1.0,0.5,0.0,0.0,,0.5,1.0,0.5,0.5,0.5,0.5,1.0,0.0,1.0,1.0,0.0,0.0,0.5,0.0,1.0,1.5
293,Dejounte Murray,SG,27,ATL,9,9,34.3,8.2,16.6,0.497,2.6,6.1,0.418,5.7,10.4,0.543,0.574,2.9,3.6,0.813,0.7,3.9,4.6,5.6,1.3,0.4,2.8,1.3,21.9
294,Jamal Murray,PG,26,DEN,7,7,30.9,6.0,13.9,0.433,2.0,4.6,0.438,4.0,9.3,0.431,0.505,2.3,2.7,0.842,0.4,2.1,2.6,7.4,0.3,0.7,2.3,1.9,16.3
295,Keegan Murray,SF,23,SAC,8,8,34.3,5.1,14.4,0.357,2.1,8.3,0.258,3.0,6.1,0.49,0.43,1.4,1.6,0.846,2.0,4.8,6.8,2.0,1.5,0.9,1.4,2.5,13.8
296,Kris Murray,SF,23,POR,3,0,6.7,0.0,0.7,0.0,0.0,0.3,0.0,0.0,0.3,0.0,0.0,0.0,0.0,,0.0,0.3,0.3,0.0,0.3,0.3,0.0,0.7,0.0
297,Mike Muscala,C,32,WAS,5,1,11.4,1.0,2.8,0.357,0.4,1.6,0.25,0.6,1.2,0.5,0.429,0.4,0.4,1.0,0.2,2.0,2.2,0.8,0.2,0.2,0.6,1.4,2.8
298,Svi Mykhailiuk,SF,26,BOS,5,0,6.6,0.6,2.2,0.273,0.4,1.8,0.222,0.2,0.4,0.5,0.364,0.0,0.0,,0.0,0.8,0.8,0.2,0.2,0.0,0.6,0.2,1.6
299,Larry Nance Jr.,C,31,NOP,9,0,16.7,1.8,3.4,0.516,0.3,0.9,0.375,1.4,2.6,0.565,0.565,0.3,0.7,0.5,1.3,3.2,4.6,0.9,0.6,0.1,0.9,1.4,4.2
300,Andrew Nembhard,PG,24,IND,9,1,19.8,3.7,7.6,0.485,0.9,2.8,0.32,2.8,4.8,0.581,0.544,0.3,0.4,0.75,0.3,1.7,2.0,4.3,0.9,0.0,1.4,2.2,8.6
301,Aaron Nesmith,SF,24,IND,9,0,23.9,4.3,8.0,0.542,2.2,4.4,0.5,2.1,3.6,0.594,0.681,1.2,1.9,0.647,1.0,2.4,3.4,0.9,0.8,0.7,0.6,2.9,12.1
302,Georges Niang,PF,30,CLE,9,1,22.4,2.0,6.8,0.295,1.1,4.6,0.244,0.9,2.2,0.4,0.377,0.4,0.4,1.0,0.4,3.7,4.1,1.0,0.1,0.1,0.6,2.8,5.6
303,Daishen Nix,PG,21,MIN,3,0,2.3,0.3,0.3,1.0,0.0,0.0,,0.3,0.3,1.0,1.0,0.0,0.0,,0.0,0.0,0.0,0.0,0.3,0.0,0.0,0.0,0.7
304,Zeke Nnaji,PF,23,DEN,9,0,10.7,1.3,2.4,0.545,0.1,0.4,0.25,1.2,2.0,0.611,0.568,0.7,1.1,0.6,0.7,1.7,2.3,0.6,0.2,0.6,0.4,1.2,3.4
305,Jusuf Nurkić,C,29,PHO,9,9,27.7,3.6,8.7,0.41,0.8,2.9,0.269,2.8,5.8,0.481,0.455,3.0,4.2,0.711,2.9,6.4,9.3,5.0,1.4,0.9,2.1,3.4,10.9
306,Jordan Nwora,SF,25,IND,3,0,12.0,2.0,6.0,0.333,0.7,2.7,0.25,1.3,3.3,0.4,0.389,0.7,1.0,0.667,0.3,1.7,2.0,1.3,0.0,0.3,1.7,0.7,5.3
307,Royce O'Neale,SF,30,BRK,9,4,31.3,2.8,8.3,0.333,2.4,6.9,0.355,0.3,1.4,0.231,0.48,0.0,0.0,,0.8,5.6,6.3,3.3,0.4,1.0,1.0,3.1,8.0
308,Chuma Okeke,SF,25,ORL,4,0,3.5,0.3,1.0,0.25,0.0,0.8,0.0,0.3,0.3,1.0,0.25,0.0,0.0,,0.8,0.8,1.5,0.3,0.0,0.0,0.3,0.0,0.5
309,Josh Okogie,SG,25,PHO,9,5,24.0,2.6,5.9,0.434,0.4,2.3,0.19,2.1,3.6,0.594,0.472,2.0,2.3,0.857,2.0,1.7,3.7,1.2,0.9,0.4,0.9,1.2,7.6
310,Onyeka Okongwu,C,23,ATL,9,0,22.6,3.3,5.6,0.6,0.2,0.9,0.25,3.1,4.7,0.667,0.62,2.7,2.9,0.923,2.8,3.9,6.7,1.6,0.7,1.0,0.7,2.9,9.6
311,Isaac Okoro,SF,23,CLE,6,5,28.8,3.5,7.2,0.488,1.0,2.5,0.4,2.5,4.7,0.536,0.558,1.5,2.2,0.692,2.0,2.8,4.8,2.2,1.2,0.5,1.0,3.8,9.5
312,Kelly Olynyk,C,32,UTA,10,0,20.4,2.7,4.5,0.6,0.7,1.7,0.412,2.0,2.8,0.714,0.678,1.2,1.4,0.857,1.9,3.5,5.4,3.4,1.1,0.2,1.8,3.1,7.3
313,Eugene Omoruyi,SF,26,WAS,6,0,8.0,2.2,3.2,0.684,0.3,0.8,0.4,1.8,2.3,0.786,0.737,0.8,1.3,0.625,0.7,1.8,2.5,1.0,0.5,0.2,1.0,1.0,5.5
314,Cedi Osman,SF,28,SAS,9,0,19.7,3.3,6.3,0.526,1.6,3.6,0.438,1.8,2.8,0.64,0.649,0.3,0.6,0.6,0.2,1.7,1.9,1.7,0.6,0.2,0.7,1.2,8.6
315,Kelly Oubre Jr.,SF,28,PHI,8,5,29.0,5.9,11.8,0.5,1.8,4.6,0.378,4.1,7.1,0.579,0.574,2.8,3.5,0.786,1.4,3.8,5.1,0.6,1.4,0.4,0.9,2.4,16.3
316,Chris Paul,PG,38,GSW,10,2,27.5,3.5,9.2,0.38,0.6,3.5,0.171,2.9,5.7,0.509,0.413,1.2,1.4,0.857,0.3,3.6,3.9,7.5,1.6,0.0,1.0,1.3,8.8
317,Cameron Payne,PG,29,MIL,9,2,18.1,2.6,4.9,0.523,1.3,2.4,0.545,1.2,2.4,0.5,0.659,0.4,0.4,1.0,0.1,1.0,1.1,1.8,0.6,0.1,0.9,2.3,6.9
318,Gary Payton II,SG,31,GSW,9,0,18.9,2.7,5.9,0.453,0.9,2.4,0.364,1.8,3.4,0.516,0.528,0.4,0.7,0.667,1.1,2.0,3.1,0.9,1.4,0.2,0.6,1.7,6.7
319,Filip Petrušev,C,23,PHI,1,0,3.0,0.0,0.0,,0.0,0.0,,0.0,0.0,,,0.0,0.0,,0.0,1.0,1.0,0.0,0.0,0.0,0.0,0.0,0.0
320,Julian Phillips,SF,20,CHI,4,0,2.5,0.0,0.3,0.0,0.0,0.3,0.0,0.0,0.0,,0.0,0.0,0.0,,0.0,0.3,0.3,0.0,0.0,0.0,0.0,0.0,0.0
321,Jalen Pickett,SG,24,DEN,4,0,2.3,1.0,1.3,0.8,0.5,0.8,0.667,0.5,0.5,1.0,1.0,0.0,0.0,,0.0,0.5,0.5,0.0,0.0,0.0,0.0,0.3,2.5
322,Mason Plumlee,C,33,LAC,6,0,17.0,2.0,3.2,0.632,0.0,0.0,,2.0,3.2,0.632,0.632,1.0,2.3,0.429,1.3,4.2,5.5,1.0,0.7,0.2,0.8,1.0,5.0
323,Brandin Podziemski,SG,20,GSW,5,0,10.2,1.0,2.4,0.417,0.0,0.4,0.0,1.0,2.0,0.5,0.417,0.4,0.6,0.667,0.8,2.2,3.0,1.6,0.2,0.0,1.0,1.4,2.4
324,Jakob Poeltl,C,28,TOR,9,9,24.8,4.7,7.1,0.656,0.0,0.0,,4.7,7.1,0.656,0.656,0.7,1.6,0.429,2.6,5.6,8.1,1.6,0.7,0.9,1.8,3.0,10.0
325,Aleksej Pokusevski,PF,22,OKC,3,0,6.0,0.0,1.3,0.0,0.0,1.3,0.0,0.0,0.0,,0.0,0.3,0.7,0.5,0.0,1.0,1.0,0.0,0.0,0.3,1.0,1.0,0.3
326,Jordan Poole,SG,24,WAS,8,8,27.4,6.3,15.0,0.417,2.0,6.5,0.308,4.3,8.5,0.5,0.483,2.5,3.1,0.8,0.4,1.5,1.9,3.6,1.3,0.5,2.6,2.5,17.0
327,Craig Porter Jr.,PG,23,CLE,4,0,9.8,1.5,3.3,0.462,0.0,0.3,0.0,1.5,3.0,0.5,0.462,0.8,2.0,0.375,0.3,1.0,1.3,0.8,0.8,0.3,0.8,1.5,3.8
328,Michael Porter Jr.,SF,25,DEN,9,9,28.7,6.1,13.3,0.458,2.7,7.1,0.375,3.4,6.2,0.554,0.558,1.1,1.2,0.909,2.0,6.0,8.0,2.0,0.4,0.9,0.8,2.2,16.0
329,Otto Porter Jr.,SF,30,TOR,4,0,16.0,1.3,3.3,0.385,1.3,3.0,0.417,0.0,0.3,0.0,0.577,0.0,0.0,,0.5,2.8,3.3,0.3,0.5,0.5,0.0,1.8,3.8
330,Bobby Portis,PF,28,MIL,9,0,21.7,4.4,9.8,0.455,0.4,2.2,0.2,4.0,7.6,0.529,0.477,2.3,3.2,0.724,1.0,4.8,5.8,1.6,1.2,0.3,1.3,2.1,11.7
331,Kristaps Porziņģis,C,28,BOS,9,9,29.8,6.4,11.6,0.558,1.9,4.8,0.395,4.6,6.8,0.672,0.639,4.8,5.8,0.827,1.3,4.9,6.2,1.8,0.4,1.3,1.2,3.2,19.6
332,Dwight Powell,C,32,DAL,8,1,17.8,1.8,2.3,0.778,0.1,0.1,1.0,1.6,2.1,0.765,0.806,3.0,3.9,0.774,1.9,1.5,3.4,1.4,0.4,0.9,0.3,1.8,6.6
333,Norman Powell,SG,30,LAC,8,0,23.4,4.3,8.1,0.523,1.8,4.3,0.412,2.5,3.9,0.645,0.631,1.5,1.9,0.8,0.1,1.9,2.0,1.3,0.6,0.6,1.5,2.1,11.8
334,Taurean Prince,PF,29,LAL,7,7,30.0,3.4,8.1,0.421,1.6,4.6,0.344,1.9,3.6,0.52,0.518,0.9,1.1,0.75,0.1,1.4,1.6,1.0,0.4,0.7,0.4,2.9,9.3
335,Payton Pritchard,PG,26,BOS,9,0,20.7,1.7,5.4,0.306,0.7,3.3,0.2,1.0,2.1,0.474,0.367,0.7,0.8,0.857,1.6,1.9,3.4,3.7,0.2,0.0,0.8,1.6,4.7
336,Olivier-Maxence Prosper,PF,21,DAL,2,0,3.0,0.0,1.0,0.0,0.0,0.0,,0.0,1.0,0.0,0.0,0.5,1.0,0.5,0.5,0.0,0.5,0.0,0.0,0.0,0.0,0.5,0.5
337,Immanuel Quickley,SG,24,NYK,8,0,24.1,5.5,11.6,0.473,1.8,5.4,0.326,3.8,6.3,0.6,0.548,2.4,2.8,0.864,0.5,2.8,3.3,3.5,0.5,0.0,1.5,1.3,15.1
338,Lester Quinones,SG,23,GSW,1,0,5.0,2.0,3.0,0.667,1.0,2.0,0.5,1.0,1.0,1.0,0.833,0.0,0.0,,0.0,0.0,0.0,0.0,0.0,0.0,1.0,0.0,5.0
339,Julius Randle,PF,29,NYK,8,8,34.4,5.4,17.0,0.316,1.8,6.8,0.259,3.6,10.3,0.354,0.368,4.0,6.0,0.667,2.4,8.8,11.1,4.9,0.9,0.0,3.0,2.6,16.5
340,Austin Reaves,SG,25,LAL,9,8,32.3,4.8,11.1,0.43,1.3,4.4,0.3,3.4,6.7,0.517,0.49,2.4,3.0,0.815,1.1,2.9,4.0,4.3,1.4,0.1,2.6,1.8,13.3
341,Cam Reddish,SF,24,LAL,9,3,21.1,1.8,5.1,0.348,0.8,2.7,0.292,1.0,2.4,0.409,0.424,1.4,1.8,0.813,0.6,2.0,2.6,0.9,1.2,0.2,0.6,1.8,5.8
342,Paul Reed,C,24,PHI,8,0,13.0,2.1,3.6,0.586,0.0,0.4,0.0,2.1,3.3,0.654,0.586,0.1,0.3,0.5,1.6,3.1,4.8,0.8,0.4,0.4,0.9,2.4,4.4
343,Naz Reid,C,24,MIN,8,0,22.9,5.1,9.5,0.539,1.9,4.4,0.429,3.3,5.1,0.634,0.638,1.6,1.8,0.929,1.0,3.3,4.3,0.8,0.8,0.5,0.9,0.9,13.8
344,Jared Rhoden,SG,24,DET,5,0,6.0,1.0,1.8,0.556,0.2,0.8,0.25,0.8,1.0,0.8,0.611,0.4,0.4,1.0,0.2,0.6,0.8,0.6,0.0,0.0,0.4,0.8,2.6
345,Nick Richards,C,26,CHO,8,0,17.3,2.9,3.6,0.793,0.0,0.0,,2.9,3.6,0.793,0.793,2.4,3.3,0.731,1.9,4.1,6.0,0.4,0.4,1.6,1.0,2.9,8.1
346,Josh Richardson,SG,30,MIA,6,0,23.3,2.7,6.7,0.4,1.0,3.3,0.3,1.7,3.3,0.5,0.475,0.5,0.7,0.75,0.0,2.2,2.2,2.0,0.2,0.2,1.3,2.0,6.8
347,Duncan Robinson,SF,29,MIA,9,1,26.7,4.4,10.1,0.44,2.3,7.0,0.333,2.1,3.1,0.679,0.555,0.1,0.2,0.5,0.3,1.9,2.2,2.0,0.4,0.0,1.2,2.2,11.3
348,Jerome Robinson,SG,26,GSW,1,0,5.0,0.0,2.0,0.0,0.0,0.0,,0.0,2.0,0.0,0.0,0.0,0.0,,1.0,1.0,2.0,0.0,0.0,0.0,0.0,0.0,0.0
349,Mitchell Robinson,C,25,NYK,8,8,29.9,2.6,5.4,0.488,0.0,0.0,,2.6,5.4,0.488,0.488,1.3,2.6,0.476,6.3,6.1,12.4,0.5,1.5,1.0,0.4,2.3,6.5
350,Orlando Robinson,C,23,MIA,2,0,15.0,2.0,4.5,0.444,0.5,0.5,1.0,1.5,4.0,0.375,0.5,1.0,1.0,1.0,1.0,3.0,4.0,3.5,0.5,0.5,1.5,2.0,5.5
351,Jeremiah Robinson-Earl,PF,23,NOP,2,1,18.5,2.5,4.5,0.556,1.0,1.5,0.667,1.5,3.0,0.5,0.667,2.0,2.0,1.0,1.5,3.0,4.5,0.5,0.0,0.0,1.0,1.5,8.0
352,David Roddy,PF,22,MEM,9,1,21.9,3.4,7.2,0.477,0.7,2.6,0.261,2.8,4.7,0.595,0.523,0.4,0.6,0.8,0.8,2.8,3.6,1.0,0.3,0.3,1.0,2.1,8.0
353,Ryan Rollins,PG,21,WAS,6,0,7.7,1.3,2.8,0.471,0.2,0.3,0.5,1.2,2.5,0.467,0.5,2.2,2.7,0.813,0.3,1.3,1.7,1.7,1.3,0.3,1.2,1.0,5.0
354,Derrick Rose,PG,35,MEM,4,0,17.8,3.0,9.3,0.324,1.3,2.5,0.5,1.8,6.8,0.259,0.392,0.8,1.0,0.75,1.0,1.0,2.0,2.8,0.5,0.3,1.5,0.8,8.0
355,Terry Rozier,SG,29,CHO,5,5,35.8,8.4,18.0,0.467,1.6,6.2,0.258,6.8,11.8,0.576,0.511,3.6,4.4,0.818,0.8,3.2,4.0,5.0,0.6,0.4,2.2,0.8,22.0
356,Rayan Rupert,SG,19,POR,2,0,3.0,0.0,0.5,0.0,0.0,0.5,0.0,0.0,0.0,,0.0,0.0,0.0,,0.0,0.0,0.0,0.0,0.0,0.0,0.0,0.0,0.0
357,D'Angelo Russell,PG,27,LAL,9,9,33.6,6.7,14.6,0.458,1.8,5.9,0.302,4.9,8.7,0.564,0.519,2.9,3.3,0.867,0.2,2.9,3.1,6.4,0.4,0.8,2.0,2.7,18.0
358,Matt Ryan,SF,26,NOP,9,1,22.9,2.8,6.3,0.439,2.2,5.3,0.417,0.6,1.0,0.556,0.614,1.3,1.3,1.0,0.2,1.9,2.1,1.2,0.3,0.1,1.4,2.2,9.1
359,Domantas Sabonis,C,27,SAC,8,8,34.8,6.8,12.0,0.563,0.3,1.0,0.25,6.5,11.0,0.591,0.573,3.6,6.0,0.604,4.1,8.8,12.9,7.0,1.0,0.9,3.6,3.4,17.4
360,Luka Šamanić,PF,24,UTA,4,0,4.0,1.3,2.5,0.5,0.5,1.3,0.4,0.8,1.3,0.6,0.6,0.3,0.3,1.0,0.0,1.0,1.0,0.3,0.3,0.0,0.0,0.3,3.3
361,Jermaine Samuels,SF,25,HOU,3,0,6.7,0.7,1.0,0.667,0.0,0.3,0.0,0.7,0.7,1.0,0.667,0.7,0.7,1.0,0.3,0.7,1.0,0.0,0.0,0.3,0.0,1.0,2.0
362,Dario Šarić,C,29,GSW,10,1,19.3,2.8,6.8,0.412,1.3,3.8,0.342,1.5,3.0,0.5,0.507,0.9,1.1,0.818,1.8,4.7,6.5,1.8,0.3,0.5,0.8,1.8,7.8
363,Olivier Sarr,C,24,OKC,4,0,11.0,0.3,0.3,1.0,0.0,0.0,,0.3,0.3,1.0,1.0,1.0,1.5,0.667,0.8,3.8,4.5,0.3,0.0,1.3,0.5,1.5,1.5
364,Marcus Sasser,PG,23,DET,10,0,21.1,4.2,8.3,0.506,1.8,4.1,0.439,2.4,4.2,0.571,0.614,0.5,0.5,1.0,0.2,2.6,2.8,2.8,0.9,0.1,0.7,2.0,10.7
365,Admiral Schofield,PF,26,ORL,1,0,3.0,2.0,4.0,0.5,1.0,3.0,0.333,1.0,1.0,1.0,0.625,0.0,0.0,,0.0,0.0,0.0,0.0,0.0,0.0,0.0,0.0,5.0
366,Dennis Schröder,PG,30,TOR,9,9,32.0,5.9,12.6,0.469,1.9,4.8,0.395,4.0,7.8,0.514,0.544,3.0,3.7,0.818,0.8,1.8,2.6,7.9,1.1,0.2,1.8,1.6,16.7
367,Dereon Seabron,SG,23,NOP,3,0,14.0,1.0,4.0,0.25,0.3,0.7,0.5,0.7,3.3,0.2,0.292,1.3,1.3,1.0,0.3,1.0,1.3,0.7,0.3,0.0,0.0,0.7,3.7
368,Alperen Şengün,C,21,HOU,8,8,31.0,8.3,13.4,0.617,0.5,1.8,0.286,7.8,11.6,0.667,0.636,2.0,3.5,0.571,2.4,5.9,8.3,6.1,1.0,0.3,2.0,2.9,19.0
369,Brice Sensabaugh,SF,20,UTA,1,0,2.0,0.0,2.0,0.0,0.0,0.0,,0.0,2.0,0.0,0.0,0.0,0.0,,1.0,1.0,2.0,0.0,0.0,0.0,0.0,0.0,0.0
370,Collin Sexton,SG,25,UTA,10,0,18.8,4.0,8.7,0.46,0.9,2.7,0.333,3.1,6.0,0.517,0.511,3.3,3.8,0.868,0.7,1.4,2.1,2.7,0.1,0.1,2.0,1.6,12.2
371,Landry Shamet,SG,26,WAS,4,0,15.0,3.3,6.5,0.5,1.8,4.8,0.368,1.5,1.8,0.857,0.635,0.3,0.5,0.5,0.0,0.8,0.8,1.5,0.5,0.3,0.3,2.3,8.5
372,Day'Ron Sharpe,C,22,BRK,9,0,12.3,2.6,4.3,0.59,0.0,0.1,0.0,2.6,4.2,0.605,0.59,1.4,2.3,0.619,1.8,3.9,5.7,0.4,0.3,0.4,1.3,1.9,6.6
373,Shaedon Sharpe,SG,20,POR,8,7,39.1,6.8,15.3,0.443,2.3,6.3,0.36,4.5,9.0,0.5,0.516,4.1,5.0,0.825,1.9,3.4,5.3,2.9,1.0,0.8,2.8,2.6,19.9
374,Ben Sheppard,SG,22,IND,3,0,10.7,1.7,4.0,0.417,1.0,2.7,0.375,0.7,1.3,0.5,0.542,0.0,0.0,,0.3,1.0,1.3,0.7,0.0,0.0,0.0,1.3,4.3
375,Pascal Siakam,PF,29,TOR,9,9,34.9,6.8,15.4,0.439,1.3,5.0,0.267,5.4,10.4,0.521,0.482,2.4,3.3,0.733,1.1,5.8,6.9,4.6,0.7,0.1,2.3,2.7,17.3
376,Ben Simmons,PG,27,BRK,6,6,31.8,3.2,6.0,0.528,0.0,0.0,,3.2,6.0,0.528,0.528,0.2,0.7,0.25,2.7,8.2,10.8,6.7,0.5,0.8,2.5,2.7,6.5
377,Anfernee Simons,SG,24,POR,1,1,27.0,6.0,14.0,0.429,2.0,6.0,0.333,4.0,8.0,0.5,0.5,4.0,4.0,1.0,1.0,1.0,2.0,4.0,2.0,0.0,0.0,2.0,18.0
378,Jericho Sims,C,25,NYK,3,0,3.0,0.0,0.3,0.0,0.0,0.0,,0.0,0.3,0.0,0.0,0.0,0.0,,0.3,1.3,1.7,0.3,0.0,0.0,0.0,0.0,0.0
379,Marcus Smart,PG,29,MEM,9,9,31.6,5.0,11.6,0.433,1.6,5.8,0.269,3.4,5.8,0.596,0.5,1.4,1.9,0.765,0.3,2.2,2.6,5.2,2.3,0.3,3.6,3.6,13.0
380,Dennis Smith Jr.,PG,26,BRK,8,0,16.5,2.3,5.8,0.391,0.5,1.8,0.286,1.8,4.0,0.438,0.435,0.6,0.8,0.833,0.8,1.3,2.0,2.4,0.6,0.3,0.8,2.4,5.6
381,Dru Smith,SG,26,MIA,5,0,19.4,2.2,4.6,0.478,1.0,2.2,0.455,1.2,2.4,0.5,0.587,0.0,0.0,,0.8,1.0,1.8,2.2,1.6,0.6,0.8,1.4,5.4
382,Ish Smith,PG,35,CHO,2,0,6.5,0.0,0.0,,0.0,0.0,,0.0,0.0,,,0.0,0.0,,0.0,0.5,0.5,0.0,0.5,0.0,1.5,1.5,0.0
383,Jabari Smith Jr.,PF,20,HOU,8,8,29.1,5.1,10.8,0.477,2.0,5.3,0.381,3.1,5.5,0.568,0.57,0.6,1.1,0.556,1.5,5.5,7.0,1.5,0.6,0.4,1.3,3.6,12.9
384,Jalen Smith,C,23,IND,7,0,17.7,4.7,6.6,0.717,1.1,1.7,0.667,3.6,4.9,0.735,0.804,1.3,1.7,0.75,2.0,4.9,6.9,1.3,0.6,0.4,1.1,2.6,11.9
385,Nick Smith Jr.,SG,19,CHO,2,0,2.5,1.0,1.0,1.0,0.5,0.5,1.0,0.5,0.5,1.0,1.25,0.0,0.0,,0.0,0.5,0.5,0.0,0.5,0.0,0.5,0.0,2.5
386,Jeremy Sochan,PG,20,SAS,9,9,27.0,4.1,9.3,0.44,0.6,1.7,0.333,3.6,7.7,0.464,0.47,1.1,1.7,0.667,1.4,4.0,5.4,4.7,1.1,0.2,2.3,3.3,9.9
387,Jaden Springer,SG,21,PHI,6,0,8.2,0.5,2.3,0.214,0.0,0.5,0.0,0.5,1.8,0.273,0.214,0.3,0.7,0.5,0.7,0.7,1.3,0.8,0.2,0.7,0.7,1.5,1.3
388,Lamar Stevens,PF,26,BOS,3,0,5.7,1.3,2.3,0.571,0.3,0.3,1.0,1.0,2.0,0.5,0.643,0.0,0.0,,1.3,0.3,1.7,0.7,0.3,0.0,1.0,1.0,3.0
389,Isaiah Stewart,PF,22,DET,10,10,34.5,4.5,9.4,0.479,1.7,4.0,0.425,2.8,5.4,0.519,0.569,1.4,1.9,0.737,1.7,5.7,7.4,1.6,0.1,0.7,2.3,3.2,12.1
390,Julian Strawther,SF,21,DEN,7,0,10.1,2.3,4.9,0.471,1.3,3.3,0.391,1.0,1.6,0.636,0.603,0.0,0.3,0.0,0.0,1.0,1.0,0.4,0.1,0.3,0.1,0.7,5.9
391,Max Strus,SF,27,CLE,9,9,35.0,4.9,11.9,0.411,2.7,7.8,0.343,2.2,4.1,0.541,0.523,1.3,1.6,0.857,0.4,5.7,6.1,3.3,0.7,0.7,1.0,2.3,13.8
392,Jalen Suggs,SG,22,ORL,9,9,27.6,4.1,10.0,0.411,1.4,4.1,0.351,2.7,5.9,0.453,0.483,2.7,3.3,0.8,1.1,3.4,4.6,2.8,2.1,0.6,1.8,2.8,12.3
393,Cole Swider,SF,24,MIA,1,0,2.0,2.0,3.0,0.667,1.0,2.0,0.5,1.0,1.0,1.0,0.833,0.0,0.0,,0.0,1.0,1.0,0.0,0.0,0.0,0.0,0.0,5.0
394,Jae'Sean Tate,SF,28,HOU,8,0,20.3,2.8,5.4,0.512,1.3,2.9,0.435,1.5,2.5,0.6,0.628,0.5,0.6,0.8,0.6,2.9,3.5,1.4,1.4,0.5,0.3,2.6,7.3
395,Jayson Tatum,PF,25,BOS,9,9,35.9,9.9,19.0,0.52,3.3,8.4,0.395,6.6,10.6,0.621,0.608,4.6,5.8,0.788,0.6,8.7,9.2,3.6,1.2,0.2,2.7,2.0,27.7
396,Terry Taylor,PF,24,CHI,3,0,2.0,0.3,0.3,1.0,0.0,0.0,,0.3,0.3,1.0,1.0,0.0,0.0,,0.0,0.3,0.3,0.0,0.0,0.0,0.0,0.0,0.7
397,Garrett Temple,SG,37,TOR,3,0,3.0,0.7,1.0,0.667,0.0,0.0,,0.7,1.0,0.667,0.667,0.7,0.7,1.0,0.0,0.3,0.3,0.0,0.3,0.0,0.0,0.0,2.0
398,Dalen Terry,SG,21,CHI,4,0,2.8,0.8,2.0,0.375,0.3,1.0,0.25,0.5,1.0,0.5,0.438,0.0,0.5,0.0,0.0,1.0,1.0,0.8,0.0,0.0,0.3,0.3,1.8
399,Daniel Theis,C,31,IND,1,0,8.0,1.0,4.0,0.25,0.0,1.0,0.0,1.0,3.0,0.333,0.25,0.0,0.0,,0.0,0.0,0.0,0.0,0.0,0.0,0.0,1.0,2.0
400,Cam Thomas,SG,22,BRK,8,7,32.4,9.9,20.6,0.479,2.1,6.6,0.321,7.8,14.0,0.554,0.53,5.0,5.9,0.851,0.3,3.5,3.8,2.1,0.9,0.6,1.3,1.9,26.9
401,Amen Thompson,SF,21,HOU,4,0,16.8,2.3,5.5,0.409,0.5,2.8,0.182,1.8,2.8,0.636,0.455,1.3,2.0,0.625,0.3,2.5,2.8,1.5,0.5,0.3,1.5,2.3,6.3
402,Ausar Thompson,SF,21,DET,10,10,31.8,4.6,11.1,0.414,0.4,2.5,0.16,4.2,8.6,0.488,0.432,1.8,2.3,0.783,4.0,6.0,10.0,3.7,1.3,1.9,2.1,3.6,11.4
403,Klay Thompson,SF,33,GSW,9,9,31.1,6.1,13.9,0.44,2.6,7.2,0.354,3.6,6.7,0.533,0.532,1.3,1.7,0.8,0.8,3.0,3.8,1.9,0.3,0.7,2.1,2.7,16.1
404,Tristan Thompson,PF,32,CLE,7,0,9.7,1.0,1.4,0.7,0.0,0.0,,1.0,1.4,0.7,0.7,0.6,1.0,0.571,1.1,1.7,2.9,0.7,0.1,0.4,0.9,1.1,2.6
405,JT Thor,PF,21,CHO,8,0,18.5,1.8,4.3,0.412,0.6,2.0,0.313,1.1,2.3,0.5,0.485,0.0,0.3,0.0,0.9,2.9,3.8,1.0,0.5,0.4,0.3,1.1,4.1
406,Matisse Thybulle,SF,26,POR,8,8,19.4,1.9,4.1,0.455,1.1,3.3,0.346,0.8,0.9,0.857,0.591,0.5,0.6,0.8,0.3,0.9,1.1,0.8,1.0,0.6,0.6,1.0,5.4
407,Xavier Tillman Sr.,C,25,MEM,6,5,26.3,3.5,9.5,0.368,0.7,2.8,0.235,2.8,6.7,0.425,0.404,0.7,1.5,0.444,2.2,5.3,7.5,2.5,1.7,1.0,1.5,3.2,8.3
408,Obi Toppin,PF,25,IND,9,9,21.3,3.6,6.6,0.542,0.6,2.2,0.25,3.0,4.3,0.692,0.585,1.3,1.4,0.923,1.0,2.2,3.2,0.4,1.0,0.2,0.6,1.8,9.0
409,Karl-Anthony Towns,PF,28,MIN,8,8,32.0,7.1,16.3,0.438,1.9,5.8,0.326,5.3,10.5,0.5,0.496,2.9,3.3,0.885,0.9,7.9,8.8,2.3,0.8,0.6,2.6,3.3,19.0
410,Gary Trent Jr.,SG,25,TOR,8,1,27.1,3.9,10.5,0.369,1.9,5.3,0.357,2.0,5.3,0.381,0.458,0.8,1.9,0.4,0.5,2.0,2.5,0.9,1.0,0.1,1.0,1.3,10.4
411,P.J. Tucker,PF,38,TOT,7,3,17.9,0.4,1.7,0.25,0.3,1.3,0.222,0.1,0.4,0.333,0.333,0.4,0.4,1.0,1.4,2.4,3.9,0.4,0.7,0.4,0.3,2.7,1.6
412,P.J. Tucker,PF,38,PHI,3,3,22.0,0.7,1.7,0.4,0.7,1.7,0.4,0.0,0.0,,0.6,0.0,0.0,,0.3,4.3,4.7,0.0,1.0,0.7,0.7,3.0,2.0
413,P.J. Tucker,PF,38,LAC,4,0,14.8,0.3,1.8,0.143,0.0,1.0,0.0,0.3,0.8,0.333,0.143,0.8,0.8,1.0,2.3,1.0,3.3,0.8,0.5,0.3,0.0,2.5,1.3
414,Myles Turner,C,27,IND,9,9,27.2,6.3,11.8,0.538,1.8,4.4,0.4,4.6,7.3,0.621,0.613,3.1,4.0,0.778,1.4,6.8,8.2,1.8,0.4,1.7,1.6,3.2,17.6
415,Hunter Tyson,PF,23,DEN,4,0,2.8,0.3,0.8,0.333,0.0,0.5,0.0,0.3,0.3,1.0,0.333,0.0,0.0,,0.0,0.8,0.8,0.0,0.0,0.0,0.0,1.0,0.5
416,Stanley Umude,SG,24,DET,8,0,7.8,0.9,2.0,0.438,0.6,1.3,0.5,0.3,0.8,0.333,0.594,1.0,1.1,0.889,0.0,1.1,1.1,0.1,0.1,0.1,0.4,1.3,3.4
417,Jonas Valančiūnas,C,31,NOP,9,9,24.8,4.7,9.3,0.5,0.8,2.0,0.389,3.9,7.3,0.53,0.542,1.9,2.2,0.85,1.9,6.7,8.6,1.7,0.2,1.4,1.8,3.0,12.0
418,Fred VanVleet,PG,29,HOU,8,8,35.4,5.5,14.6,0.376,3.1,8.4,0.373,2.4,6.3,0.38,0.483,2.0,2.1,0.941,0.3,3.4,3.6,8.4,0.6,0.4,1.6,2.1,16.1
419,Devin Vassell,SG,23,SAS,7,6,28.9,6.6,12.7,0.517,2.4,5.7,0.425,4.1,7.0,0.592,0.612,3.0,4.0,0.75,0.3,2.9,3.1,2.4,1.0,0.0,1.4,1.0,18.6
420,Sasha Vezenkov,PF,28,SAC,7,0,13.4,2.1,5.3,0.405,1.1,3.6,0.32,1.0,1.7,0.583,0.514,0.1,0.1,1.0,0.1,1.9,2.0,0.3,0.6,0.3,0.1,1.3,5.6
421,Gabe Vincent,PG,27,LAL,4,0,28.3,2.8,7.0,0.393,0.3,3.5,0.071,2.5,3.5,0.714,0.411,0.3,0.5,0.5,0.5,0.5,1.0,3.0,1.5,0.0,0.5,2.5,6.0
422,Nikola Vučević,C,33,CHI,9,9,34.8,7.1,14.4,0.492,0.8,2.6,0.304,6.3,11.9,0.533,0.519,1.3,1.8,0.75,2.8,7.9,10.7,2.6,0.9,0.6,1.8,2.7,16.3
423,Dean Wade,PF,27,CLE,8,3,17.8,1.3,3.4,0.37,1.1,3.1,0.36,0.1,0.3,0.5,0.537,0.3,0.5,0.5,0.8,3.1,3.9,0.5,0.8,0.3,0.5,2.5,3.9
424,Franz Wagner,SF,22,ORL,9,9,33.6,6.8,16.6,0.409,1.8,5.6,0.32,5.0,11.0,0.455,0.463,3.2,3.8,0.853,1.2,4.6,5.8,3.2,1.2,0.3,2.4,2.6,18.6
425,Moritz Wagner,C,26,ORL,9,0,18.7,4.9,7.6,0.647,0.8,2.1,0.368,4.1,5.4,0.755,0.699,1.8,2.2,0.8,1.6,2.9,4.4,0.7,0.6,0.6,1.4,2.7,12.3
426,Jabari Walker,SF,21,POR,8,0,13.3,1.6,4.1,0.394,0.3,1.4,0.182,1.4,2.8,0.5,0.424,1.4,1.6,0.846,1.1,2.4,3.5,0.4,0.9,0.5,0.9,2.1,4.9
427,Jarace Walker,PF,20,IND,3,0,9.0,1.3,4.0,0.333,0.0,0.7,0.0,1.3,3.3,0.4,0.333,0.7,0.7,1.0,0.3,2.0,2.3,1.7,0.3,0.3,0.0,0.7,3.3
428,Lonnie Walker IV,SG,25,BRK,8,0,22.4,6.1,11.4,0.538,2.4,5.1,0.463,3.8,6.3,0.6,0.643,2.1,2.8,0.773,0.1,3.0,3.1,2.3,0.6,0.6,1.1,1.0,16.8
429,Cason Wallace,SG,20,OKC,9,1,23.1,3.3,5.1,0.652,1.1,2.1,0.526,2.2,3.0,0.741,0.761,0.9,0.9,1.0,0.6,2.0,2.6,1.6,0.6,0.3,0.7,1.8,8.7
430,P.J. Washington,PF,25,CHO,8,8,34.0,7.0,14.0,0.5,1.3,4.5,0.278,5.8,9.5,0.605,0.545,1.8,2.4,0.737,1.3,4.6,5.9,2.1,0.5,0.6,1.3,2.6,17.0
431,TyTy Washington Jr.,PG,22,MIL,1,0,3.0,1.0,2.0,0.5,1.0,1.0,1.0,0.0,1.0,0.0,0.75,0.0,0.0,,0.0,0.0,0.0,0.0,0.0,0.0,1.0,0.0,3.0
432,Yuta Watanabe,SF,29,PHO,9,0,19.2,1.9,4.9,0.386,1.3,3.9,0.343,0.6,1.0,0.556,0.523,0.7,0.8,0.857,0.7,2.4,3.1,0.3,0.4,0.3,1.1,2.0,5.8
433,Lindy Waters III,SG,26,OKC,4,0,6.0,0.0,0.8,0.0,0.0,0.8,0.0,0.0,0.0,,0.0,0.0,0.0,,0.0,0.0,0.0,0.5,0.0,0.0,0.0,0.3,0.0
434,Trendon Watford,PF,23,BRK,4,0,16.3,3.3,5.8,0.565,0.5,1.3,0.4,2.8,4.5,0.611,0.609,1.5,1.5,1.0,1.5,3.0,4.5,2.8,1.0,0.3,1.3,2.3,8.5
435,Peyton Watson,SF,21,DEN,9,0,15.7,2.3,4.1,0.568,0.4,1.4,0.308,1.9,2.7,0.708,0.622,0.3,0.7,0.5,0.3,1.8,2.1,0.7,0.7,1.1,0.7,1.2,5.4
436,Victor Wembanyama,PF,20,SAS,9,9,29.7,7.1,15.4,0.46,1.7,5.3,0.313,5.4,10.1,0.538,0.514,4.0,5.2,0.766,2.1,6.4,8.6,2.0,1.1,2.6,3.4,2.6,19.9
437,Blake Wesley,SG,20,SAS,3,0,6.0,1.0,2.7,0.375,0.0,0.3,0.0,1.0,2.3,0.429,0.375,0.3,0.7,0.5,0.3,0.3,0.7,1.0,0.0,0.3,0.3,0.7,2.3
438,Russell Westbrook,PG,35,LAC,8,8,31.5,6.4,13.0,0.49,1.1,3.4,0.333,5.3,9.6,0.545,0.534,1.1,1.9,0.6,1.6,5.3,6.9,6.1,1.8,0.4,3.3,2.9,15.0
439,Coby White,PG,23,CHI,9,9,32.2,4.3,11.2,0.386,1.6,5.4,0.286,2.8,5.8,0.481,0.455,1.7,1.9,0.882,0.3,3.0,3.3,4.4,0.9,0.3,1.7,2.1,11.9
440,Derrick White,SG,29,BOS,7,7,29.9,4.9,9.6,0.507,2.3,5.4,0.421,2.6,4.1,0.621,0.627,1.9,2.4,0.765,0.9,3.1,4.0,4.6,1.0,1.1,1.3,2.1,13.9
441,Cam Whitmore,SF,19,HOU,3,0,7.7,1.0,3.0,0.333,0.0,1.0,0.0,1.0,2.0,0.5,0.333,0.3,0.7,0.5,0.0,1.0,1.0,0.3,0.3,0.0,0.7,0.3,2.3
442,Aaron Wiggins,SG,25,OKC,7,0,11.3,1.7,3.1,0.545,0.3,1.3,0.222,1.4,1.9,0.769,0.591,0.4,0.6,0.75,0.3,1.1,1.4,0.4,0.1,0.1,0.6,1.1,4.1
443,Andrew Wiggins,SF,28,GSW,10,10,26.0,4.4,10.7,0.411,0.4,2.4,0.167,4.0,8.3,0.482,0.43,1.8,3.4,0.529,1.9,1.8,3.7,0.9,0.1,0.4,1.4,2.0,11.0
444,Grant Williams,PF,25,DAL,9,9,29.6,4.2,8.0,0.528,3.0,5.8,0.519,1.2,2.2,0.55,0.715,1.2,1.9,0.647,0.8,3.1,3.9,1.1,0.2,0.6,0.9,3.1,12.7
445,Jalen Williams,PF,22,OKC,9,9,33.3,6.1,12.2,0.5,0.9,2.9,0.308,5.2,9.3,0.56,0.536,3.3,3.8,0.882,0.3,4.2,4.6,3.8,0.7,0.3,2.3,3.0,16.4
446,Jaylin Williams,C,21,OKC,4,0,14.0,1.5,3.3,0.462,0.5,2.0,0.25,1.0,1.3,0.8,0.538,1.3,1.5,0.833,0.3,3.3,3.5,1.8,0.5,0.3,0.5,2.8,4.8
447,Jeenathan Williams,SG,24,HOU,2,0,6.5,2.0,3.5,0.571,0.0,1.0,0.0,2.0,2.5,0.8,0.571,0.5,1.0,0.5,0.0,0.0,0.0,0.5,0.5,0.0,0.0,0.0,4.5
448,Mark Williams,C,22,CHO,8,8,25.6,6.1,8.5,0.721,0.0,0.0,,6.1,8.5,0.721,0.721,3.1,4.3,0.735,4.1,5.8,9.9,1.1,0.9,0.9,1.4,2.1,15.4
449,Patrick Williams,PF,22,CHI,9,5,23.0,2.1,6.7,0.317,0.8,3.3,0.233,1.3,3.3,0.4,0.375,0.6,0.7,0.833,0.7,2.8,3.4,1.3,1.0,0.6,1.1,1.6,5.6
450,Robert Williams,C,26,POR,6,0,19.8,2.8,4.3,0.654,0.0,0.0,,2.8,4.3,0.654,0.654,1.2,1.5,0.778,1.8,4.5,6.3,0.8,1.2,1.2,1.2,2.8,6.8
451,Vince Williams Jr.,SG,23,MEM,3,0,9.0,0.7,2.3,0.286,0.3,2.0,0.167,0.3,0.3,1.0,0.357,2.3,2.7,0.875,0.0,1.3,1.3,1.3,0.3,1.0,0.7,1.3,4.0
452,Ziaire Williams,SF,22,MEM,8,8,27.8,3.3,8.1,0.4,1.4,4.4,0.314,1.9,3.8,0.5,0.485,1.3,1.4,0.909,0.8,5.4,6.1,1.3,0.5,0.5,1.9,2.3,9.1
453,Zion Williamson,PF,23,NOP,7,7,32.1,8.9,17.6,0.504,0.0,0.1,0.0,8.9,17.4,0.508,0.504,4.4,7.0,0.633,3.1,4.0,7.1,4.1,0.7,0.1,2.4,2.7,22.1
454,Jalen Wilson,PF,23,BRK,2,0,3.5,0.0,0.5,0.0,0.0,0.0,,0.0,0.5,0.0,0.0,0.0,0.0,,0.0,0.5,0.5,0.0,0.0,0.5,0.0,0.0,0.0
455,Dylan Windler,SF,27,NYK,3,0,2.3,0.3,0.7,0.5,0.3,0.7,0.5,0.0,0.0,,0.75,0.0,0.0,,0.0,0.3,0.3,0.3,0.0,0.0,0.0,0.3,1.0
456,James Wiseman,C,22,DET,3,0,8.0,1.7,3.3,0.5,0.0,0.0,,1.7,3.3,0.5,0.5,0.0,0.0,,1.0,2.0,3.0,0.3,0.0,0.0,0.3,1.7,3.3
457,Christian Wood,PF,28,LAL,9,1,22.8,2.6,5.3,0.479,1.2,2.8,0.44,1.3,2.6,0.522,0.594,1.1,1.9,0.588,1.0,5.7,6.7,1.0,0.3,0.8,1.3,2.0,7.4
458,Delon Wright,PG,31,WAS,8,0,17.6,1.4,3.8,0.367,0.5,1.4,0.364,0.9,2.4,0.368,0.433,1.8,2.0,0.875,0.4,2.1,2.5,4.4,1.6,0.1,0.5,0.8,5.0
459,Thaddeus Young,PF,35,TOR,2,0,3.0,1.0,1.5,0.667,0.0,0.0,,1.0,1.5,0.667,0.667,0.0,1.0,0.0,0.5,0.5,1.0,1.5,0.0,0.0,0.0,0.0,2.0
460,Trae Young,PG,25,ATL,9,9,35.8,6.7,18.7,0.357,2.2,7.6,0.294,4.4,11.1,0.4,0.417,8.9,9.9,0.899,0.8,2.1,2.9,10.2,1.6,0.0,4.2,1.4,24.4
461,Omer Yurtseven,C,25,UTA,6,0,5.2,1.2,1.7,0.7,0.2,0.5,0.333,1.0,1.2,0.857,0.75,0.2,0.3,0.5,0.5,1.3,1.8,0.5,0.0,0.2,0.2,1.0,2.7
462,Cody Zeller,C,31,NOP,6,0,5.8,0.2,1.2,0.143,0.0,0.0,,0.2,1.2,0.143,0.143,0.5,1.0,0.5,0.8,1.2,2.0,1.0,0.2,0.0,0.0,0.7,0.8
463,Ivica Zubac,C,26,LAC,8,8,25.1,4.6,7.5,0.617,0.0,0.0,,4.6,7.5,0.617,0.617,1.8,3.1,0.56,2.9,5.3,8.1,0.4,0.1,1.9,1.6,3.3,11.0
